n1m2	2	13	2	11
n1c8	8	8	2	6
n1c8	8	8	2	6
n1c2	2	2	1	1
n1m2	2	13	2	11
n1s1	1	4	2	2
n1s2	2	8	2	6
n1s1	1	4	2	2
n1s2	2	8	2	6
n1m2	2	13	2	11
n1c2	2	2	1	1
n1c8	8	8	2	6
n1s2	2	8	2	6
n1s1	1	4	2	2
n1m2	2	13	2	11
n1c8	8	8	2	6
n1s1	1	4	2	2
n1c2	2	2	1	1
n1m2	2	13	2	11
n1c4	4	4	2	2
n1s2	2	8	2	6
n1s2	2	8	2	6
n1c8	8	8	2	6
n1c4	4	4	2	2
n1s1	1	4	2	2
n1m2	2	13	2	11
n1c4	4	4	2	2
n1m2	2	13	2	11
n1m2	2	13	2	11
n1c2	2	2	1	1
n1c4	4	4	2	2
n1c4	4	4	2	2
n1s1	1	4	2	2
n1c4	4	4	2	2
n1s2	2	8	2	6
n1m2	2	13	2	11
n1m2	2	13	2	11
n1s2	2	8	2	6
n1c2	2	2	1	1
n1c4	4	4	2	2
n1c8	8	8	2	6
n1s2	2	8	2	6
n1m2	2	13	2	11
n1c8	8	8	2	6
n1c8	8	8	2	6
n1s2	2	8	2	6
n1s1	1	4	2	2
n1s1	1	4	2	2
n1c2	2	2	1	1
n1c8	8	8	2	6
n1c2	2	2	1	1
n1m2	2	13	2	11
n1m2	2	13	2	11
n1c2	2	2	1	1
n1c2	2	2	1	1
n1c2	2	2	1	1
n1c2	2	2	1	1
n1m2	2	13	2	11
n1c8	8	8	2	6
n1s2	2	8	2	6
n1c2	2	2	1	1
n1s2	2	8	2	6
n1s2	2	8	2	6
n1s1	1	4	2	2
n1s2	2	8	2	6
n1c2	2	2	1	1
n1c8	8	8	2	6
n1s2	2	8	2	6
n1s1	1	4	2	2
n1c2	2	2	1	1
n1s1	1	4	2	2
n1s2	2	8	2	6
n1c4	4	4	2	2
n1c8	8	8	2	6
n1s2	2	8	2	6
n1c4	4	4	2	2
n1c8	8	8	2	6
n1c2	2	2	1	1
n1c4	4	4	2	2
n1s1	1	4	2	2
n1s1	1	4	2	2
n1c2	2	2	1	1
n1s2	2	8	2	6
n1c4	4	4	2	2
n1c4	4	4	2	2
n1c8	8	8	2	6
n1c2	2	2	1	1
n1c8	8	8	2	6
n1s1	1	4	2	2
n1s1	1	4	2	2
n1m2	2	13	2	11
n1c2	2	2	1	1
n1m2	2	13	2	11
n1c2	2	2	1	1
n1c8	8	8	2	6
n1s1	1	4	2	2
n1m2	2	13	2	11
n1c2	2	2	1	1
n1s2	2	8	2	6
n1c4	4	4	2	2
n1c8	8	8	2	6
n1c4	4	4	2	2
n1m2	2	13	2	11
n1c4	4	4	2	2
n1c4	4	4	2	2
n1c4	4	4	2	2
n1c4	4	4	2	2
n1s1	1	4	2	2
n1s1	1	4	2	2
n1c4	4	4	2	2
n1c8	8	8	2	6
n1c8	8	8	2	6
n1m2	2	13	2	11
n1s2	2	8	2	6
n1m2	2	13	2	11
n1c2	2	2	1	1
n1c8	8	8	2	6
n1c4	4	4	2	2
n1s2	2	8	2	6
n1c2	2	2	1	1
n1c4	4	4	2	2
n1c2	2	2	1	1
n1s2	2	8	2	6
n1c4	4	4	2	2
n1m2	2	13	2	11
n1m2	2	13	2	11
n1m2	2	13	2	11
n1s1	1	4	2	2
n1c4	4	4	2	2
n1c4	4	4	2	2
n1s2	2	8	2	6
n1c4	4	4	2	2
n1c8	8	8	2	6
n1c8	8	8	2	6
n1m2	2	13	2	11
n1c8	8	8	2	6
n1m2	2	13	2	11
n1m2	2	13	2	11
n1c2	2	2	1	1
n1c8	8	8	2	6
n1s2	2	8	2	6
n1c8	8	8	2	6
n1c8	8	8	2	6
n1c8	8	8	2	6
n1c4	4	4	2	2
n1m2	2	13	2	11
n1c4	4	4	2	2
n1c8	8	8	2	6
n1c2	2	2	1	1
n1c2	2	2	1	1
n1s2	2	8	2	6
n1s1	1	4	2	2
n1s1	1	4	2	2
n1c8	8	8	2	6
n1s1	1	4	2	2
n1c4	4	4	2	2
n1c4	4	4	2	2
n1s1	1	4	2	2
n1c2	2	2	1	1
n1c2	2	2	1	1
n1s1	1	4	2	2
n1s2	2	8	2	6
n1m2	2	13	2	11
n1m2	2	13	2	11
n1c4	4	4	2	2
n1s2	2	8	2	6
n1m2	2	13	2	11
n1s2	2	8	2	6
n1s2	2	8	2	6
n1c8	8	8	2	6
n1c4	4	4	2	2
n1c8	8	8	2	6
n1s2	2	8	2	6
n1m2	2	13	2	11
n1m2	2	13	2	11
n1s1	1	4	2	2
n1c8	8	8	2	6
n1c4	4	4	2	2
n1c8	8	8	2	6
n1c2	2	2	1	1
n1m2	2	13	2	11
n1c8	8	8	2	6
n1m2	2	13	2	11
n1s1	1	4	2	2
n1c2	2	2	1	1
n1s1	1	4	2	2
n1c8	8	8	2	6
n1s2	2	8	2	6
n1s1	1	4	2	2
n1c8	8	8	2	6
n1s1	1	4	2	2
n1m2	2	13	2	11
n1c8	8	8	2	6
n1s2	2	8	2	6
n1s2	2	8	2	6
n1c2	2	2	1	1
n1m2	2	13	2	11
n1m2	2	13	2	11
n1c4	4	4	2	2
n1m2	2	13	2	11
n1s2	2	8	2	6
n1c2	2	2	1	1
n1c8	8	8	2	6
n1s1	1	4	2	2
n1s2	2	8	2	6
n1c4	4	4	2	2
n1c8	8	8	2	6
n1m2	2	13	2	11
n1s2	2	8	2	6
n1s1	1	4	2	2
n1c4	4	4	2	2
n1c2	2	2	1	1
n1m2	2	13	2	11
n1m2	2	13	2	11
n1c2	2	2	1	1
n1s2	2	8	2	6
n1c2	2	2	1	1
n1c8	8	8	2	6
n1m2	2	13	2	11
n1s2	2	8	2	6
n1m2	2	13	2	11
n1m2	2	13	2	11
n1c2	2	2	1	1
n1c4	4	4	2	2
n1s1	1	4	2	2
n1m2	2	13	2	11
n1c4	4	4	2	2
n1s2	2	8	2	6
n1m2	2	13	2	11
n1c4	4	4	2	2
n1s2	2	8	2	6
n1s2	2	8	2	6
n1c8	8	8	2	6
n1s2	2	8	2	6
n1s2	2	8	2	6
n1c2	2	2	1	1
n1m2	2	13	2	11
n1c8	8	8	2	6
n1s1	1	4	2	2
n1c4	4	4	2	2
n1c2	2	2	1	1
n1c4	4	4	2	2
n1c8	8	8	2	6
n1s1	1	4	2	2
n1c4	4	4	2	2
n1s2	2	8	2	6
n1m2	2	13	2	11
n1c2	2	2	1	1
n1c4	4	4	2	2
n1m2	2	13	2	11
n1s1	1	4	2	2
n1c8	8	8	2	6
n1s1	1	4	2	2
n1c8	8	8	2	6
n1m2	2	13	2	11
n1c2	2	2	1	1
n1c4	4	4	2	2
n1s2	2	8	2	6
n1c4	4	4	2	2
n1m2	2	13	2	11
n1s1	1	4	2	2
n1c2	2	2	1	1
n1c4	4	4	2	2
n1c2	2	2	1	1
n1c4	4	4	2	2
n1c2	2	2	1	1
n1c8	8	8	2	6
n1c4	4	4	2	2
n1s2	2	8	2	6
n1c8	8	8	2	6
n1c4	4	4	2	2
n1m2	2	13	2	11
n1s2	2	8	2	6
n1c8	8	8	2	6
n1c8	8	8	2	6
n1c2	2	2	1	1
n1c4	4	4	2	2
n1s2	2	8	2	6
n1c8	8	8	2	6
n1c8	8	8	2	6
n1c8	8	8	2	6
n1c8	8	8	2	6
n1s2	2	8	2	6
n1s1	1	4	2	2
n1c2	2	2	1	1
n1m2	2	13	2	11
n1c8	8	8	2	6
n1c4	4	4	2	2
n1s2	2	8	2	6
n1c4	4	4	2	2
n1s1	1	4	2	2
n1s2	2	8	2	6
n1c2	2	2	1	1
n1c8	8	8	2	6
n1s1	1	4	2	2
n1c4	4	4	2	2
n1c4	4	4	2	2
n1s1	1	4	2	2
n1c2	2	2	1	1
n1c2	2	2	1	1

	*******Analytics**********	
n1c4:	41
n1s1:	50
n1s2:	48
n1c8:	53
n1c2:	53
n1m2:	55
n1s4:	0
n1c16:	0
n1m8:	0
n1s8:	0
n1s16:	0
n1m4:	0

Total Number of VMs:	300

Total Number of H VMs:	0

Total Number of L VMs:	300

% L VMs in Total VMs:	100%

Randomization Effect:	5

File name:				vmExp_300_100_5
