n1s8	8	30	4	26
n1m8	8	52	12	40
n1c16	16	15	5	10
n1s4	4	15	6	9
n1s8	8	30	4	26
n1m4	4	26	7	19
n1s8	8	30	4	26
n1s16	16	60	4	56
n1s16	16	60	4	56
n1s4	4	15	6	9
n1m8	8	52	12	40
n1m4	4	26	7	19
n1m2	2	13	2	11
n1s8	8	30	4	26
n1m8	8	52	12	40
n1s16	16	60	4	56
n1m8	8	52	12	40
n1s8	8	30	4	26
n1c4	4	4	2	2
n1s2	2	8	2	6
n1m4	4	26	7	19
n1m8	8	52	12	40
n1s8	8	30	4	26
n1s8	8	30	4	26
n1c16	16	15	5	10
n1m8	8	52	12	40
n1m4	4	26	7	19
n1m8	8	52	12	40
n1s16	16	60	4	56
n1c16	16	15	5	10
n1s4	4	15	6	9
n1m8	8	52	12	40
n1s16	16	60	4	56
n1m8	8	52	12	40
n1s16	16	60	4	56
n1m4	4	26	7	19
n1s16	16	60	4	56
n1s4	4	15	6	9
n1s4	4	15	6	9
n1m4	4	26	7	19
n1s8	8	30	4	26
n1s16	16	60	4	56
n1s8	8	30	4	26
n1m8	8	52	12	40
n1m4	4	26	7	19
n1m4	4	26	7	19
n1c16	16	15	5	10
n1c16	16	15	5	10
n1s8	8	30	4	26
n1m8	8	52	12	40
n1m4	4	26	7	19
n1s8	8	30	4	26
n1s4	4	15	6	9
n1m4	4	26	7	19
n1c16	16	15	5	10
n1s8	8	30	4	26
n1s16	16	60	4	56
n1s4	4	15	6	9
n1s16	16	60	4	56
n1c16	16	15	5	10
n1m4	4	26	7	19
n1c16	16	15	5	10
n1m8	8	52	12	40
n1s8	8	30	4	26
n1m4	4	26	7	19
n1s16	16	60	4	56
n1s8	8	30	4	26
n1m8	8	52	12	40
n1m8	8	52	12	40
n1m8	8	52	12	40
n1s4	4	15	6	9
n1s4	4	15	6	9
n1m8	8	52	12	40
n1s4	4	15	6	9
n1s8	8	30	4	26
n1m8	8	52	12	40
n1s4	4	15	6	9
n1s4	4	15	6	9
n1c16	16	15	5	10
n1s16	16	60	4	56
n1s16	16	60	4	56
n1m8	8	52	12	40
n1c16	16	15	5	10
n1c16	16	15	5	10
n1s4	4	15	6	9
n1c16	16	15	5	10
n1m8	8	52	12	40
n1s8	8	30	4	26
n1s8	8	30	4	26
n1s4	4	15	6	9
n1s4	4	15	6	9
n1c2	2	2	1	1
n1m4	4	26	7	19
n1s16	16	60	4	56
n1m8	8	52	12	40
n1s8	8	30	4	26
n1c4	4	4	2	2
n1m8	8	52	12	40
n1c16	16	15	5	10
n1m8	8	52	12	40
n1s4	4	15	6	9
n1c16	16	15	5	10
n1s8	8	30	4	26
n1s8	8	30	4	26
n1c16	16	15	5	10
n1m4	4	26	7	19
n1c16	16	15	5	10
n1m4	4	26	7	19
n1s4	4	15	6	9
n1c16	16	15	5	10
n1s4	4	15	6	9
n1m8	8	52	12	40
n1m4	4	26	7	19
n1c16	16	15	5	10
n1s8	8	30	4	26
n1s16	16	60	4	56
n1s8	8	30	4	26
n1c16	16	15	5	10
n1c16	16	15	5	10
n1c16	16	15	5	10
n1s16	16	60	4	56
n1s4	4	15	6	9
n1s4	4	15	6	9
n1m8	8	52	12	40
n1s8	8	30	4	26
n1c16	16	15	5	10
n1s8	8	30	4	26
n1m4	4	26	7	19
n1s8	8	30	4	26
n1c16	16	15	5	10
n1c16	16	15	5	10
n1s16	16	60	4	56
n1c16	16	15	5	10
n1s8	8	30	4	26
n1s16	16	60	4	56
n1c16	16	15	5	10
n1s4	4	15	6	9
n1s4	4	15	6	9
n1s16	16	60	4	56
n1s8	8	30	4	26
n1m8	8	52	12	40
n1c16	16	15	5	10
n1s8	8	30	4	26
n1s16	16	60	4	56
n1m8	8	52	12	40
n1m4	4	26	7	19
n1m8	8	52	12	40
n1c16	16	15	5	10
n1m4	4	26	7	19
n1c16	16	15	5	10
n1s8	8	30	4	26
n1m8	8	52	12	40
n1m4	4	26	7	19
n1m4	4	26	7	19
n1s4	4	15	6	9
n1s8	8	30	4	26
n1c2	2	2	1	1
n1m8	8	52	12	40
n1s8	8	30	4	26
n1m8	8	52	12	40
n1s16	16	60	4	56
n1s4	4	15	6	9
n1c16	16	15	5	10
n1s16	16	60	4	56
n1s4	4	15	6	9
n1s8	8	30	4	26
n1s4	4	15	6	9
n1m8	8	52	12	40
n1s2	2	8	2	6
n1s8	8	30	4	26
n1s8	8	30	4	26
n1m8	8	52	12	40
n1s16	16	60	4	56
n1m8	8	52	12	40
n1s4	4	15	6	9
n1c16	16	15	5	10
n1s8	8	30	4	26
n1s8	8	30	4	26
n1m4	4	26	7	19
n1c16	16	15	5	10
n1c2	2	2	1	1
n1c16	16	15	5	10
n1c16	16	15	5	10
n1s16	16	60	4	56
n1s16	16	60	4	56
n1m4	4	26	7	19
n1s16	16	60	4	56
n1s16	16	60	4	56
n1s16	16	60	4	56
n1m4	4	26	7	19
n1m8	8	52	12	40
n1s4	4	15	6	9
n1c16	16	15	5	10
n1s16	16	60	4	56
n1s8	8	30	4	26
n1m8	8	52	12	40
n1s4	4	15	6	9
n1s4	4	15	6	9
n1s16	16	60	4	56
n1c16	16	15	5	10
n1s8	8	30	4	26
n1s4	4	15	6	9
n1m4	4	26	7	19
n1c16	16	15	5	10
n1m8	8	52	12	40
n1s4	4	15	6	9
n1m8	8	52	12	40
n1s4	4	15	6	9
n1s16	16	60	4	56
n1m8	8	52	12	40
n1s16	16	60	4	56
n1s16	16	60	4	56
n1m8	8	52	12	40
n1s8	8	30	4	26
n1m4	4	26	7	19
n1s4	4	15	6	9
n1s4	4	15	6	9
n1m4	4	26	7	19
n1m4	4	26	7	19
n1s16	16	60	4	56
n1c16	16	15	5	10
n1m8	8	52	12	40
n1s8	8	30	4	26
n1m4	4	26	7	19
n1c16	16	15	5	10
n1s2	2	8	2	6
n1m2	2	13	2	11
n1s8	8	30	4	26
n1s8	8	30	4	26
n1c16	16	15	5	10
n1s16	16	60	4	56
n1s16	16	60	4	56
n1m8	8	52	12	40
n1s8	8	30	4	26
n1m4	4	26	7	19
n1s8	8	30	4	26
n1c16	16	15	5	10
n1c16	16	15	5	10
n1s8	8	30	4	26
n1s8	8	30	4	26
n1m8	8	52	12	40
n1s8	8	30	4	26
n1s4	4	15	6	9
n1m4	4	26	7	19
n1s4	4	15	6	9
n1m4	4	26	7	19
n1c16	16	15	5	10
n1c2	2	2	1	1
n1m4	4	26	7	19
n1m8	8	52	12	40
n1m8	8	52	12	40
n1s16	16	60	4	56
n1s4	4	15	6	9
n1s16	16	60	4	56
n1s16	16	60	4	56
n1c4	4	4	2	2
n1m4	4	26	7	19
n1s16	16	60	4	56
n1m4	4	26	7	19
n1s4	4	15	6	9
n1m4	4	26	7	19
n1c4	4	4	2	2
n1c16	16	15	5	10
n1m8	8	52	12	40
n1m8	8	52	12	40
n1m4	4	26	7	19
n1s4	4	15	6	9
n1s16	16	60	4	56
n1c16	16	15	5	10
n1s4	4	15	6	9
n1s16	16	60	4	56
n1s2	2	8	2	6
n1c16	16	15	5	10
n1s16	16	60	4	56
n1m8	8	52	12	40
n1m4	4	26	7	19
n1s16	16	60	4	56
n1m8	8	52	12	40
n1s8	8	30	4	26
n1m8	8	52	12	40
n1s4	4	15	6	9
n1c16	16	15	5	10
n1s16	16	60	4	56
n1s16	16	60	4	56
n1c16	16	15	5	10
n1m4	4	26	7	19
n1s8	8	30	4	26
n1s16	16	60	4	56
n1s8	8	30	4	26
n1m8	8	52	12	40
n1m4	4	26	7	19
n1s4	4	15	6	9
n1m4	4	26	7	19
n1s4	4	15	6	9
n1s4	4	15	6	9
n1s16	16	60	4	56
n1c16	16	15	5	10
n1c16	16	15	5	10
n1s4	4	15	6	9
n1s4	4	15	6	9
n1s8	8	30	4	26
n1s4	4	15	6	9
n1s4	4	15	6	9
n1m4	4	26	7	19
n1c16	16	15	5	10
n1c16	16	15	5	10
n1s16	16	60	4	56
n1s8	8	30	4	26
n1s16	16	60	4	56
n1s4	4	15	6	9
n1s16	16	60	4	56
n1m4	4	26	7	19
n1m8	8	52	12	40
n1s4	4	15	6	9
n1m8	8	52	12	40
n1c16	16	15	5	10
n1s4	4	15	6	9
n1m8	8	52	12	40
n1s16	16	60	4	56
n1s16	16	60	4	56
n1s16	16	60	4	56
n1c8	8	8	2	6
n1c4	4	4	2	2
n1s16	16	60	4	56
n1s8	8	30	4	26
n1c16	16	15	5	10
n1c16	16	15	5	10
n1s16	16	60	4	56
n1s8	8	30	4	26
n1m4	4	26	7	19
n1s16	16	60	4	56
n1c8	8	8	2	6
n1s8	8	30	4	26
n1s4	4	15	6	9
n1m4	4	26	7	19
n1m4	4	26	7	19
n1s8	8	30	4	26
n1s4	4	15	6	9
n1c16	16	15	5	10
n1s16	16	60	4	56
n1m4	4	26	7	19
n1m4	4	26	7	19
n1c16	16	15	5	10
n1m8	8	52	12	40
n1s16	16	60	4	56
n1c16	16	15	5	10
n1s1	1	4	2	2
n1s16	16	60	4	56
n1s4	4	15	6	9
n1m4	4	26	7	19
n1c16	16	15	5	10
n1s16	16	60	4	56
n1s8	8	30	4	26
n1s16	16	60	4	56
n1m8	8	52	12	40
n1s4	4	15	6	9
n1m8	8	52	12	40
n1s16	16	60	4	56
n1s8	8	30	4	26
n1c8	8	8	2	6
n1m4	4	26	7	19
n1c2	2	2	1	1
n1s4	4	15	6	9
n1m8	8	52	12	40
n1c4	4	4	2	2
n1s4	4	15	6	9
n1s16	16	60	4	56
n1c16	16	15	5	10
n1c16	16	15	5	10
n1s8	8	30	4	26
n1c16	16	15	5	10
n1s8	8	30	4	26
n1s4	4	15	6	9
n1m8	8	52	12	40
n1s4	4	15	6	9
n1s8	8	30	4	26
n1m4	4	26	7	19
n1m8	8	52	12	40
n1s4	4	15	6	9
n1c16	16	15	5	10
n1s4	4	15	6	9
n1m4	4	26	7	19
n1m8	8	52	12	40
n1s8	8	30	4	26
n1c16	16	15	5	10
n1m8	8	52	12	40
n1s8	8	30	4	26
n1s4	4	15	6	9
n1s8	8	30	4	26
n1s16	16	60	4	56
n1s16	16	60	4	56
n1c8	8	8	2	6
n1c16	16	15	5	10
n1m4	4	26	7	19
n1m8	8	52	12	40
n1s8	8	30	4	26
n1s16	16	60	4	56
n1m4	4	26	7	19
n1s8	8	30	4	26
n1m4	4	26	7	19
n1s4	4	15	6	9
n1s4	4	15	6	9
n1m4	4	26	7	19
n1s4	4	15	6	9
n1s8	8	30	4	26
n1c16	16	15	5	10
n1m8	8	52	12	40
n1m4	4	26	7	19
n1m8	8	52	12	40
n1s4	4	15	6	9
n1m4	4	26	7	19
n1s4	4	15	6	9
n1s16	16	60	4	56
n1c16	16	15	5	10
n1m4	4	26	7	19
n1s8	8	30	4	26
n1s16	16	60	4	56
n1s4	4	15	6	9
n1s16	16	60	4	56
n1s16	16	60	4	56
n1s16	16	60	4	56
n1m4	4	26	7	19
n1s16	16	60	4	56
n1s16	16	60	4	56
n1s16	16	60	4	56
n1m4	4	26	7	19
n1m8	8	52	12	40
n1s8	8	30	4	26
n1m8	8	52	12	40
n1s16	16	60	4	56
n1s16	16	60	4	56
n1s4	4	15	6	9
n1m4	4	26	7	19
n1s4	4	15	6	9
n1m8	8	52	12	40
n1s16	16	60	4	56
n1c16	16	15	5	10
n1c2	2	2	1	1
n1s4	4	15	6	9
n1m8	8	52	12	40
n1c4	4	4	2	2
n1c16	16	15	5	10
n1s8	8	30	4	26
n1s16	16	60	4	56
n1s16	16	60	4	56
n1c16	16	15	5	10
n1s8	8	30	4	26
n1s4	4	15	6	9
n1s8	8	30	4	26
n1s4	4	15	6	9
n1s16	16	60	4	56
n1m4	4	26	7	19
n1m8	8	52	12	40
n1s16	16	60	4	56
n1m4	4	26	7	19
n1c16	16	15	5	10
n1s16	16	60	4	56
n1s16	16	60	4	56
n1s4	4	15	6	9
n1m4	4	26	7	19
n1m8	8	52	12	40
n1s16	16	60	4	56
n1c16	16	15	5	10
n1s4	4	15	6	9
n1s16	16	60	4	56
n1s8	8	30	4	26
n1c16	16	15	5	10
n1s8	8	30	4	26
n1s8	8	30	4	26
n1m8	8	52	12	40
n1s4	4	15	6	9
n1c16	16	15	5	10
n1m4	4	26	7	19
n1m8	8	52	12	40
n1c16	16	15	5	10
n1s4	4	15	6	9
n1s8	8	30	4	26
n1c16	16	15	5	10
n1s16	16	60	4	56
n1m8	8	52	12	40
n1s4	4	15	6	9
n1s16	16	60	4	56
n1s16	16	60	4	56
n1m4	4	26	7	19
n1s16	16	60	4	56
n1s8	8	30	4	26
n1m8	8	52	12	40
n1m4	4	26	7	19
n1s4	4	15	6	9
n1m8	8	52	12	40
n1s16	16	60	4	56
n1c16	16	15	5	10
n1m8	8	52	12	40
n1s16	16	60	4	56
n1m8	8	52	12	40
n1m2	2	13	2	11
n1m8	8	52	12	40
n1s8	8	30	4	26
n1m4	4	26	7	19
n1m8	8	52	12	40

	*******Analytics**********	
n1c4:	1
n1s1:	4
n1s2:	6
n1c8:	3
n1c2:	7
n1m2:	4
n1s4:	80
n1c16:	69
n1m8:	78
n1s8:	79
n1s16:	92
n1m4:	77

Total Number of VMs:	500

Total Number of H VMs:	475

Total Number of L VMs:	25

% L VMs in Total VMs:	5%

Randomization Effect:	1

File name:				vmExp_500_5_1
