n1s8	8	30	4	26
n1m8	8	52	12	40
n1c16	16	15	5	10
n1s4	4	15	6	9
n1s8	8	30	4	26
n1m4	4	26	7	19
n1c8	8	8	2	6
n1s16	16	60	4	56
n1s16	16	60	4	56
n1s4	4	15	6	9
n1m8	8	52	12	40
n1m4	4	26	7	19
n1m2	2	13	2	11
n1s8	8	30	4	26
n1m8	8	52	12	40
n1c2	2	2	1	1
n1m8	8	52	12	40
n1s8	8	30	4	26
n1c4	4	4	2	2
n1s2	2	8	2	6
n1m4	4	26	7	19
n1m8	8	52	12	40
n1s8	8	30	4	26
n1s8	8	30	4	26
n1c16	16	15	5	10
n1m8	8	52	12	40
n1m4	4	26	7	19
n1m8	8	52	12	40
n1c2	2	2	1	1
n1c16	16	15	5	10
n1s4	4	15	6	9
n1m8	8	52	12	40
n1s16	16	60	4	56
n1m8	8	52	12	40
n1s16	16	60	4	56
n1m4	4	26	7	19
n1s16	16	60	4	56
n1s4	4	15	6	9
n1s4	4	15	6	9
n1m4	4	26	7	19
n1c8	8	8	2	6
n1s16	16	60	4	56
n1c8	8	8	2	6
n1m8	8	52	12	40
n1m2	2	13	2	11
n1m4	4	26	7	19
n1c16	16	15	5	10
n1c16	16	15	5	10
n1s8	8	30	4	26
n1m8	8	52	12	40
n1m2	2	13	2	11
n1s8	8	30	4	26
n1s4	4	15	6	9
n1m4	4	26	7	19
n1c16	16	15	5	10
n1s8	8	30	4	26
n1s16	16	60	4	56
n1s4	4	15	6	9
n1s16	16	60	4	56
n1c16	16	15	5	10
n1m4	4	26	7	19
n1c16	16	15	5	10
n1m8	8	52	12	40
n1c8	8	8	2	6
n1m4	4	26	7	19
n1s16	16	60	4	56
n1s8	8	30	4	26
n1m8	8	52	12	40
n1m8	8	52	12	40
n1m8	8	52	12	40
n1s4	4	15	6	9
n1s4	4	15	6	9
n1m8	8	52	12	40
n1s4	4	15	6	9
n1s8	8	30	4	26
n1m8	8	52	12	40
n1s4	4	15	6	9
n1s4	4	15	6	9
n1c16	16	15	5	10
n1s16	16	60	4	56
n1s16	16	60	4	56
n1m8	8	52	12	40
n1c16	16	15	5	10
n1c16	16	15	5	10
n1s4	4	15	6	9
n1c16	16	15	5	10
n1m8	8	52	12	40
n1s8	8	30	4	26
n1c8	8	8	2	6
n1s4	4	15	6	9
n1s4	4	15	6	9
n1c2	2	2	1	1
n1m4	4	26	7	19
n1c2	2	2	1	1
n1m8	8	52	12	40
n1s8	8	30	4	26
n1c4	4	4	2	2
n1s2	2	8	2	6
n1c16	16	15	5	10
n1m8	8	52	12	40
n1s4	4	15	6	9
n1c16	16	15	5	10
n1s8	8	30	4	26
n1s8	8	30	4	26
n1c16	16	15	5	10
n1m4	4	26	7	19
n1s1	1	4	2	2
n1m2	2	13	2	11
n1s4	4	15	6	9
n1c16	16	15	5	10
n1s4	4	15	6	9
n1s2	2	8	2	6
n1m4	4	26	7	19
n1c16	16	15	5	10
n1s8	8	30	4	26
n1s16	16	60	4	56
n1c8	8	8	2	6
n1c16	16	15	5	10
n1c16	16	15	5	10
n1c16	16	15	5	10
n1s16	16	60	4	56
n1s4	4	15	6	9
n1s4	4	15	6	9
n1m8	8	52	12	40
n1c8	8	8	2	6
n1s1	1	4	2	2
n1s8	8	30	4	26
n1m2	2	13	2	11
n1c8	8	8	2	6
n1c16	16	15	5	10
n1c16	16	15	5	10
n1c2	2	2	1	1
n1c16	16	15	5	10
n1s8	8	30	4	26
n1s16	16	60	4	56
n1c16	16	15	5	10
n1c4	4	4	2	2
n1s4	4	15	6	9
n1s16	16	60	4	56
n1s8	8	30	4	26
n1m8	8	52	12	40
n1s1	1	4	2	2
n1s8	8	30	4	26
n1c2	2	2	1	1
n1m8	8	52	12	40
n1m4	4	26	7	19
n1m8	8	52	12	40
n1c16	16	15	5	10
n1m4	4	26	7	19
n1c16	16	15	5	10
n1s8	8	30	4	26
n1m8	8	52	12	40
n1m4	4	26	7	19
n1m2	2	13	2	11
n1s4	4	15	6	9
n1s8	8	30	4	26
n1c2	2	2	1	1
n1m8	8	52	12	40
n1c8	8	8	2	6
n1s2	2	8	2	6
n1s16	16	60	4	56
n1s4	4	15	6	9
n1c16	16	15	5	10
n1s16	16	60	4	56
n1c4	4	4	2	2
n1s8	8	30	4	26
n1s4	4	15	6	9
n1m8	8	52	12	40
n1s2	2	8	2	6
n1s8	8	30	4	26
n1s8	8	30	4	26
n1m8	8	52	12	40
n1s16	16	60	4	56
n1m8	8	52	12	40
n1s4	4	15	6	9
n1c16	16	15	5	10
n1s8	8	30	4	26
n1s8	8	30	4	26
n1m4	4	26	7	19
n1c16	16	15	5	10
n1c2	2	2	1	1
n1c16	16	15	5	10
n1c16	16	15	5	10
n1s16	16	60	4	56
n1s16	16	60	4	56
n1m4	4	26	7	19
n1s16	16	60	4	56
n1s16	16	60	4	56
n1s16	16	60	4	56
n1m4	4	26	7	19
n1m8	8	52	12	40
n1c4	4	4	2	2
n1c16	16	15	5	10
n1s16	16	60	4	56
n1s8	8	30	4	26
n1s2	2	8	2	6
n1s4	4	15	6	9
n1s4	4	15	6	9
n1s16	16	60	4	56
n1c16	16	15	5	10
n1s8	8	30	4	26
n1c4	4	4	2	2
n1m4	4	26	7	19
n1c16	16	15	5	10
n1m8	8	52	12	40
n1s4	4	15	6	9
n1m8	8	52	12	40
n1s4	4	15	6	9
n1s16	16	60	4	56
n1m8	8	52	12	40
n1s16	16	60	4	56
n1s16	16	60	4	56
n1m8	8	52	12	40
n1c8	8	8	2	6
n1m4	4	26	7	19
n1s4	4	15	6	9
n1s4	4	15	6	9
n1m2	2	13	2	11
n1m4	4	26	7	19
n1s16	16	60	4	56
n1c16	16	15	5	10
n1m8	8	52	12	40
n1s8	8	30	4	26
n1m4	4	26	7	19
n1c16	16	15	5	10
n1s2	2	8	2	6
n1m2	2	13	2	11
n1c8	8	8	2	6
n1s8	8	30	4	26
n1c16	16	15	5	10
n1c2	2	2	1	1
n1s16	16	60	4	56
n1s2	2	8	2	6
n1s8	8	30	4	26
n1m4	4	26	7	19
n1s8	8	30	4	26
n1s1	1	4	2	2
n1c16	16	15	5	10
n1s8	8	30	4	26
n1s8	8	30	4	26
n1m8	8	52	12	40
n1s8	8	30	4	26
n1s4	4	15	6	9
n1m4	4	26	7	19
n1s4	4	15	6	9
n1m4	4	26	7	19
n1s1	1	4	2	2
n1c2	2	2	1	1
n1m4	4	26	7	19
n1m8	8	52	12	40
n1m8	8	52	12	40
n1s16	16	60	4	56
n1s4	4	15	6	9
n1s16	16	60	4	56
n1s16	16	60	4	56
n1c4	4	4	2	2
n1m4	4	26	7	19
n1s16	16	60	4	56
n1m4	4	26	7	19
n1s4	4	15	6	9
n1m2	2	13	2	11
n1c4	4	4	2	2
n1c16	16	15	5	10
n1m8	8	52	12	40
n1m8	8	52	12	40
n1m2	2	13	2	11
n1c4	4	4	2	2
n1s16	16	60	4	56
n1c16	16	15	5	10
n1s4	4	15	6	9
n1s16	16	60	4	56
n1s2	2	8	2	6
n1s1	1	4	2	2
n1s16	16	60	4	56
n1m8	8	52	12	40
n1m4	4	26	7	19
n1s16	16	60	4	56
n1m8	8	52	12	40
n1s8	8	30	4	26
n1m8	8	52	12	40
n1s4	4	15	6	9
n1c16	16	15	5	10
n1s16	16	60	4	56
n1c2	2	2	1	1
n1s1	1	4	2	2
n1m4	4	26	7	19
n1s8	8	30	4	26
n1s16	16	60	4	56
n1s8	8	30	4	26
n1m8	8	52	12	40
n1m2	2	13	2	11
n1c4	4	4	2	2
n1m2	2	13	2	11
n1s4	4	15	6	9
n1s4	4	15	6	9
n1s16	16	60	4	56
n1c16	16	15	5	10
n1c16	16	15	5	10
n1s4	4	15	6	9
n1s4	4	15	6	9
n1s8	8	30	4	26
n1s4	4	15	6	9
n1s4	4	15	6	9
n1m4	4	26	7	19
n1c16	16	15	5	10
n1c16	16	15	5	10
n1s16	16	60	4	56
n1s8	8	30	4	26
n1s16	16	60	4	56
n1s4	4	15	6	9
n1c2	2	2	1	1
n1m2	2	13	2	11
n1s2	2	8	2	6
n1s4	4	15	6	9
n1m8	8	52	12	40
n1c16	16	15	5	10
n1s4	4	15	6	9
n1m8	8	52	12	40
n1s16	16	60	4	56
n1s16	16	60	4	56
n1s16	16	60	4	56
n1c8	8	8	2	6
n1c4	4	4	2	2
n1s16	16	60	4	56
n1s8	8	30	4	26
n1c16	16	15	5	10
n1c16	16	15	5	10
n1c2	2	2	1	1
n1s8	8	30	4	26
n1m4	4	26	7	19
n1s16	16	60	4	56
n1c8	8	8	2	6
n1s8	8	30	4	26
n1c4	4	4	2	2
n1m4	4	26	7	19
n1m2	2	13	2	11
n1s8	8	30	4	26
n1s4	4	15	6	9
n1c16	16	15	5	10
n1s16	16	60	4	56
n1m4	4	26	7	19
n1m4	4	26	7	19
n1c16	16	15	5	10
n1m8	8	52	12	40
n1s16	16	60	4	56
n1c16	16	15	5	10
n1s1	1	4	2	2
n1s16	16	60	4	56
n1s4	4	15	6	9
n1m4	4	26	7	19
n1s1	1	4	2	2
n1s16	16	60	4	56
n1s8	8	30	4	26
n1s16	16	60	4	56
n1m8	8	52	12	40
n1s4	4	15	6	9
n1s2	2	8	2	6
n1s16	16	60	4	56
n1s8	8	30	4	26
n1c8	8	8	2	6
n1m4	4	26	7	19
n1c2	2	2	1	1
n1s4	4	15	6	9
n1m8	8	52	12	40
n1c4	4	4	2	2
n1s4	4	15	6	9
n1s16	16	60	4	56
n1c16	16	15	5	10
n1c16	16	15	5	10
n1s8	8	30	4	26
n1c16	16	15	5	10
n1c8	8	8	2	6
n1s4	4	15	6	9
n1s2	2	8	2	6
n1s4	4	15	6	9
n1s8	8	30	4	26
n1m2	2	13	2	11
n1s2	2	8	2	6
n1s4	4	15	6	9
n1c16	16	15	5	10
n1s4	4	15	6	9
n1m4	4	26	7	19
n1m8	8	52	12	40
n1s8	8	30	4	26
n1s1	1	4	2	2
n1m8	8	52	12	40
n1s8	8	30	4	26
n1s4	4	15	6	9
n1s8	8	30	4	26
n1c2	2	2	1	1
n1s16	16	60	4	56
n1c8	8	8	2	6
n1s1	1	4	2	2
n1m4	4	26	7	19
n1s2	2	8	2	6
n1s8	8	30	4	26
n1s16	16	60	4	56
n1m2	2	13	2	11
n1s8	8	30	4	26
n1m4	4	26	7	19
n1s4	4	15	6	9
n1s4	4	15	6	9
n1m4	4	26	7	19
n1c4	4	4	2	2
n1s8	8	30	4	26
n1c16	16	15	5	10
n1m8	8	52	12	40
n1m4	4	26	7	19
n1m8	8	52	12	40
n1s4	4	15	6	9
n1m4	4	26	7	19
n1s4	4	15	6	9
n1s16	16	60	4	56
n1c16	16	15	5	10
n1m4	4	26	7	19
n1s8	8	30	4	26
n1s16	16	60	4	56
n1s4	4	15	6	9
n1s16	16	60	4	56
n1c2	2	2	1	1
n1s16	16	60	4	56
n1m4	4	26	7	19
n1s16	16	60	4	56
n1s16	16	60	4	56
n1s16	16	60	4	56
n1m4	4	26	7	19
n1m8	8	52	12	40
n1s8	8	30	4	26
n1m8	8	52	12	40
n1s16	16	60	4	56
n1s16	16	60	4	56
n1s4	4	15	6	9
n1m2	2	13	2	11
n1s4	4	15	6	9
n1m8	8	52	12	40
n1s16	16	60	4	56
n1c16	16	15	5	10
n1c2	2	2	1	1
n1s4	4	15	6	9
n1s2	2	8	2	6
n1c4	4	4	2	2
n1c16	16	15	5	10
n1s8	8	30	4	26
n1s16	16	60	4	56
n1s16	16	60	4	56
n1s1	1	4	2	2
n1s8	8	30	4	26
n1s4	4	15	6	9
n1s8	8	30	4	26
n1s4	4	15	6	9
n1s16	16	60	4	56
n1m4	4	26	7	19
n1m8	8	52	12	40
n1s16	16	60	4	56
n1m2	2	13	2	11
n1c16	16	15	5	10
n1c2	2	2	1	1
n1s16	16	60	4	56
n1c4	4	4	2	2
n1m4	4	26	7	19
n1m8	8	52	12	40
n1s16	16	60	4	56
n1c16	16	15	5	10
n1s4	4	15	6	9
n1s16	16	60	4	56
n1s8	8	30	4	26
n1s1	1	4	2	2
n1s8	8	30	4	26
n1s8	8	30	4	26
n1m8	8	52	12	40
n1s4	4	15	6	9
n1c16	16	15	5	10
n1m4	4	26	7	19
n1m8	8	52	12	40
n1c16	16	15	5	10
n1c4	4	4	2	2
n1s8	8	30	4	26
n1c16	16	15	5	10
n1c2	2	2	1	1
n1m8	8	52	12	40
n1s4	4	15	6	9
n1s16	16	60	4	56
n1s16	16	60	4	56
n1m4	4	26	7	19
n1s16	16	60	4	56
n1s8	8	30	4	26
n1m8	8	52	12	40
n1m4	4	26	7	19
n1s4	4	15	6	9
n1m8	8	52	12	40
n1s16	16	60	4	56
n1c16	16	15	5	10
n1s2	2	8	2	6
n1s16	16	60	4	56
n1m8	8	52	12	40
n1m2	2	13	2	11
n1m8	8	52	12	40
n1s8	8	30	4	26
n1m4	4	26	7	19
n1m8	8	52	12	40

	*******Analytics**********	
n1c4:	13
n1s1:	16
n1s2:	19
n1c8:	19
n1c2:	17
n1m2:	16
n1s4:	70
n1c16:	53
n1m8:	66
n1s8:	67
n1s16:	79
n1m4:	65

Total Number of VMs:	500

Total Number of H VMs:	400

Total Number of L VMs:	100

% L VMs in Total VMs:	20%

Randomization Effect:	1

File name:				vmExp_500_20_1
