n1c2	2	2	1	1
n1m8	8	52	12	40
n1c16	16	15	5	10
n1s8	8	30	4	26
n1s16	16	60	4	56
n1m2	2	13	2	11
n1c8	8	8	2	6
n1s16	16	60	4	56
n1s16	16	60	4	56
n1s16	16	60	4	56
n1m8	8	52	12	40
n1s8	8	30	4	26
n1m2	2	13	2	11
n1m8	8	52	12	40
n1s2	2	8	2	6
n1c2	2	2	1	1
n1m2	2	13	2	11
n1s8	8	30	4	26
n1c4	4	4	2	2
n1s2	2	8	2	6
n1m4	4	26	7	19
n1s1	1	4	2	2
n1c8	8	8	2	6
n1m8	8	52	12	40
n1c4	4	4	2	2
n1m8	8	52	12	40
n1m2	2	13	2	11
n1m8	8	52	12	40
n1c2	2	2	1	1
n1c16	16	15	5	10
n1m4	4	26	7	19
n1m8	8	52	12	40
n1m8	8	52	12	40
n1m8	8	52	12	40
n1s16	16	60	4	56
n1c16	16	15	5	10
n1m4	4	26	7	19
n1s4	4	15	6	9
n1s2	2	8	2	6
n1m4	4	26	7	19
n1c8	8	8	2	6
n1s2	2	8	2	6
n1c8	8	8	2	6
n1m4	4	26	7	19
n1m2	2	13	2	11
n1m4	4	26	7	19
n1c16	16	15	5	10
n1s16	16	60	4	56
n1s8	8	30	4	26
n1c8	8	8	2	6
n1m2	2	13	2	11
n1s8	8	30	4	26
n1c4	4	4	2	2
n1s1	1	4	2	2
n1m4	4	26	7	19
n1c8	8	8	2	6
n1m2	2	13	2	11
n1c4	4	4	2	2
n1s16	16	60	4	56
n1c16	16	15	5	10
n1m8	8	52	12	40
n1c16	16	15	5	10
n1m8	8	52	12	40
n1c8	8	8	2	6
n1c2	2	2	1	1
n1s8	8	30	4	26
n1c8	8	8	2	6
n1s1	1	4	2	2
n1s2	2	8	2	6
n1s2	2	8	2	6
n1c4	4	4	2	2
n1c2	2	2	1	1
n1m8	8	52	12	40
n1c4	4	4	2	2
n1c8	8	8	2	6
n1m8	8	52	12	40
n1c4	4	4	2	2
n1c2	2	2	1	1
n1s16	16	60	4	56
n1c16	16	15	5	10
n1c8	8	8	2	6
n1m8	8	52	12	40
n1s1	1	4	2	2
n1s1	1	4	2	2
n1s4	4	15	6	9
n1c16	16	15	5	10
n1s2	2	8	2	6
n1s4	4	15	6	9
n1c8	8	8	2	6
n1s4	4	15	6	9
n1c2	2	2	1	1
n1c2	2	2	1	1
n1m2	2	13	2	11
n1c2	2	2	1	1
n1s2	2	8	2	6
n1c8	8	8	2	6
n1c4	4	4	2	2
n1s2	2	8	2	6
n1c16	16	15	5	10
n1m8	8	52	12	40
n1s4	4	15	6	9
n1c16	16	15	5	10
n1c8	8	8	2	6
n1s8	8	30	4	26
n1c16	16	15	5	10
n1m4	4	26	7	19
n1s1	1	4	2	2
n1m2	2	13	2	11
n1s4	4	15	6	9
n1s16	16	60	4	56
n1s4	4	15	6	9
n1s2	2	8	2	6
n1c4	4	4	2	2
n1c16	16	15	5	10
n1c8	8	8	2	6
n1m4	4	26	7	19
n1c8	8	8	2	6
n1s1	1	4	2	2
n1c16	16	15	5	10
n1c16	16	15	5	10
n1s2	2	8	2	6
n1s8	8	30	4	26
n1c2	2	2	1	1
n1m4	4	26	7	19
n1c8	8	8	2	6
n1s1	1	4	2	2
n1s4	4	15	6	9
n1m2	2	13	2	11
n1c8	8	8	2	6
n1c16	16	15	5	10
n1s1	1	4	2	2
n1c2	2	2	1	1
n1s16	16	60	4	56
n1s8	8	30	4	26
n1s16	16	60	4	56
n1s16	16	60	4	56
n1c4	4	4	2	2
n1s4	4	15	6	9
n1s16	16	60	4	56
n1c16	16	15	5	10
n1c4	4	4	2	2
n1s1	1	4	2	2
n1m4	4	26	7	19
n1c2	2	2	1	1
n1c2	2	2	1	1
n1m4	4	26	7	19
n1m8	8	52	12	40
n1c16	16	15	5	10
n1s4	4	15	6	9
n1c4	4	4	2	2
n1s8	8	30	4	26
n1s2	2	8	2	6
n1m4	4	26	7	19
n1m2	2	13	2	11
n1m2	2	13	2	11
n1m2	2	13	2	11
n1c2	2	2	1	1
n1s1	1	4	2	2
n1c8	8	8	2	6
n1s2	2	8	2	6
n1s1	1	4	2	2
n1s4	4	15	6	9
n1c2	2	2	1	1
n1s16	16	60	4	56
n1c4	4	4	2	2
n1c8	8	8	2	6
n1s4	4	15	6	9
n1m4	4	26	7	19
n1s2	2	8	2	6
n1s8	8	30	4	26
n1s2	2	8	2	6
n1s8	8	30	4	26
n1s16	16	60	4	56
n1m8	8	52	12	40
n1s4	4	15	6	9
n1s1	1	4	2	2
n1c4	4	4	2	2
n1c8	8	8	2	6
n1m4	4	26	7	19
n1c16	16	15	5	10
n1c2	2	2	1	1
n1m4	4	26	7	19
n1m8	8	52	12	40
n1s16	16	60	4	56
n1s16	16	60	4	56
n1m4	4	26	7	19
n1c2	2	2	1	1
n1s16	16	60	4	56
n1s16	16	60	4	56
n1m4	4	26	7	19
n1m8	8	52	12	40
n1c4	4	4	2	2
n1m4	4	26	7	19
n1c16	16	15	5	10
n1s8	8	30	4	26
n1s2	2	8	2	6
n1m2	2	13	2	11
n1s4	4	15	6	9
n1s4	4	15	6	9
n1s4	4	15	6	9
n1c16	16	15	5	10
n1c4	4	4	2	2
n1m2	2	13	2	11
n1c16	16	15	5	10
n1m2	2	13	2	11
n1m2	2	13	2	11
n1s4	4	15	6	9
n1m4	4	26	7	19
n1s16	16	60	4	56
n1m8	8	52	12	40
n1s16	16	60	4	56
n1c16	16	15	5	10
n1s2	2	8	2	6
n1c8	8	8	2	6
n1s16	16	60	4	56
n1c4	4	4	2	2
n1s8	8	30	4	26
n1m2	2	13	2	11
n1c4	4	4	2	2
n1s8	8	30	4	26
n1c4	4	4	2	2
n1m2	2	13	2	11
n1c8	8	8	2	6
n1s16	16	60	4	56
n1s16	16	60	4	56
n1s2	2	8	2	6
n1m2	2	13	2	11
n1c8	8	8	2	6
n1c8	8	8	2	6
n1s4	4	15	6	9
n1c2	2	2	1	1
n1c4	4	4	2	2
n1s2	2	8	2	6
n1s8	8	30	4	26
n1m4	4	26	7	19
n1s16	16	60	4	56
n1s1	1	4	2	2
n1s2	2	8	2	6
n1c16	16	15	5	10
n1s4	4	15	6	9
n1s2	2	8	2	6
n1c2	2	2	1	1
n1m4	4	26	7	19
n1m4	4	26	7	19
n1s4	4	15	6	9
n1c2	2	2	1	1
n1s1	1	4	2	2
n1c2	2	2	1	1
n1m2	2	13	2	11
n1s1	1	4	2	2
n1m8	8	52	12	40
n1s16	16	60	4	56
n1m8	8	52	12	40
n1s1	1	4	2	2
n1s16	16	60	4	56
n1c4	4	4	2	2
n1m4	4	26	7	19
n1s16	16	60	4	56
n1c2	2	2	1	1
n1s4	4	15	6	9
n1m2	2	13	2	11
n1c4	4	4	2	2
n1c16	16	15	5	10
n1s2	2	8	2	6
n1m8	8	52	12	40
n1m2	2	13	2	11
n1c4	4	4	2	2
n1s1	1	4	2	2
n1s2	2	8	2	6
n1c4	4	4	2	2
n1c4	4	4	2	2
n1s2	2	8	2	6
n1s1	1	4	2	2
n1c4	4	4	2	2
n1c8	8	8	2	6
n1m2	2	13	2	11
n1c2	2	2	1	1
n1m8	8	52	12	40
n1s8	8	30	4	26
n1m8	8	52	12	40
n1c4	4	4	2	2
n1s1	1	4	2	2
n1s16	16	60	4	56
n1c2	2	2	1	1
n1s1	1	4	2	2
n1m2	2	13	2	11
n1m8	8	52	12	40
n1s16	16	60	4	56
n1s8	8	30	4	26
n1c16	16	15	5	10
n1m2	2	13	2	11
n1c4	4	4	2	2
n1m2	2	13	2	11
n1s4	4	15	6	9
n1s4	4	15	6	9
n1s16	16	60	4	56
n1c16	16	15	5	10
n1c8	8	8	2	6
n1m4	4	26	7	19
n1s16	16	60	4	56

	*******Analytics**********	
n1c4:	21
n1s1:	24
n1s2:	24
n1c8:	27
n1c2:	28
n1m2:	26
n1s4:	23
n1c16:	25
n1m8:	18
n1s8:	26
n1s16:	32
n1m4:	26

Total Number of VMs:	300

Total Number of H VMs:	150

Total Number of L VMs:	150

% L VMs in Total VMs:	50%

Randomization Effect:	1

File name:				vmExp_300_50_1
