n1c2	2	2	1	1
n1m8	8	52	12	40
n1c16	16	15	5	10
n1s8	8	30	4	26
n1s16	16	60	4	56
n1m4	4	26	7	19
n1c8	8	8	2	6
n1s16	16	60	4	56
n1s16	16	60	4	56
n1s16	16	60	4	56
n1m8	8	52	12	40
n1s8	8	30	4	26
n1m2	2	13	2	11
n1m8	8	52	12	40
n1s2	2	8	2	6
n1s16	16	60	4	56
n1m4	4	26	7	19
n1s8	8	30	4	26
n1c4	4	4	2	2
n1s2	2	8	2	6
n1m4	4	26	7	19
n1c16	16	15	5	10
n1s8	8	30	4	26
n1m8	8	52	12	40
n1c4	4	4	2	2
n1m8	8	52	12	40
n1m4	4	26	7	19
n1m8	8	52	12	40
n1c2	2	2	1	1
n1c16	16	15	5	10
n1m4	4	26	7	19
n1m8	8	52	12	40
n1m8	8	52	12	40
n1m8	8	52	12	40
n1s16	16	60	4	56
n1c16	16	15	5	10
n1m4	4	26	7	19
n1s4	4	15	6	9
n1m8	8	52	12	40
n1m4	4	26	7	19
n1c8	8	8	2	6
n1m8	8	52	12	40
n1s8	8	30	4	26
n1m4	4	26	7	19
n1m2	2	13	2	11
n1m4	4	26	7	19
n1c16	16	15	5	10
n1s16	16	60	4	56
n1s8	8	30	4	26
n1c8	8	8	2	6
n1m2	2	13	2	11
n1s8	8	30	4	26
n1s4	4	15	6	9
n1c16	16	15	5	10
n1m4	4	26	7	19
n1c8	8	8	2	6
n1m2	2	13	2	11
n1s4	4	15	6	9
n1s16	16	60	4	56
n1c16	16	15	5	10
n1m8	8	52	12	40
n1c16	16	15	5	10
n1m8	8	52	12	40
n1c8	8	8	2	6
n1s16	16	60	4	56
n1s8	8	30	4	26
n1s8	8	30	4	26
n1c16	16	15	5	10
n1m8	8	52	12	40
n1s2	2	8	2	6
n1s4	4	15	6	9
n1s16	16	60	4	56
n1m8	8	52	12	40
n1s4	4	15	6	9
n1s8	8	30	4	26
n1m8	8	52	12	40
n1s4	4	15	6	9
n1s16	16	60	4	56
n1s16	16	60	4	56
n1c16	16	15	5	10
n1c8	8	8	2	6
n1m8	8	52	12	40
n1c16	16	15	5	10
n1c16	16	15	5	10
n1s4	4	15	6	9
n1c16	16	15	5	10
n1m8	8	52	12	40
n1s4	4	15	6	9
n1s8	8	30	4	26
n1s4	4	15	6	9
n1s16	16	60	4	56
n1c2	2	2	1	1
n1m4	4	26	7	19
n1s16	16	60	4	56
n1m8	8	52	12	40
n1s8	8	30	4	26
n1c4	4	4	2	2
n1m8	8	52	12	40
n1c16	16	15	5	10
n1m8	8	52	12	40
n1s4	4	15	6	9
n1c16	16	15	5	10
n1s8	8	30	4	26
n1s8	8	30	4	26
n1c16	16	15	5	10
n1m4	4	26	7	19
n1s1	1	4	2	2
n1m4	4	26	7	19
n1s4	4	15	6	9
n1s16	16	60	4	56
n1s4	4	15	6	9
n1s2	2	8	2	6
n1s4	4	15	6	9
n1c16	16	15	5	10
n1s8	8	30	4	26
n1m4	4	26	7	19
n1c8	8	8	2	6
n1c16	16	15	5	10
n1c16	16	15	5	10
n1c16	16	15	5	10
n1s2	2	8	2	6
n1s8	8	30	4	26
n1c2	2	2	1	1
n1m4	4	26	7	19
n1c8	8	8	2	6
n1s1	1	4	2	2
n1s4	4	15	6	9
n1m4	4	26	7	19
n1c8	8	8	2	6
n1c16	16	15	5	10
n1c16	16	15	5	10
n1c2	2	2	1	1
n1s16	16	60	4	56
n1s8	8	30	4	26
n1s16	16	60	4	56
n1s16	16	60	4	56
n1c4	4	4	2	2
n1s4	4	15	6	9
n1s16	16	60	4	56
n1c16	16	15	5	10
n1c4	4	4	2	2
n1s1	1	4	2	2
n1m4	4	26	7	19
n1c2	2	2	1	1
n1s16	16	60	4	56
n1m4	4	26	7	19
n1m8	8	52	12	40
n1c16	16	15	5	10
n1s4	4	15	6	9
n1s4	4	15	6	9
n1s8	8	30	4	26
n1m8	8	52	12	40
n1m4	4	26	7	19
n1m2	2	13	2	11
n1m2	2	13	2	11
n1m4	4	26	7	19
n1c2	2	2	1	1
n1s1	1	4	2	2
n1s8	8	30	4	26
n1s2	2	8	2	6
n1s1	1	4	2	2
n1s4	4	15	6	9
n1s16	16	60	4	56
n1s16	16	60	4	56
n1c4	4	4	2	2
n1s8	8	30	4	26
n1s4	4	15	6	9
n1m4	4	26	7	19
n1s2	2	8	2	6
n1s8	8	30	4	26
n1s2	2	8	2	6
n1s8	8	30	4	26
n1s16	16	60	4	56
n1m8	8	52	12	40
n1s4	4	15	6	9
n1c16	16	15	5	10
n1s4	4	15	6	9
n1c8	8	8	2	6
n1m4	4	26	7	19
n1c16	16	15	5	10
n1c2	2	2	1	1
n1m4	4	26	7	19
n1m8	8	52	12	40
n1s16	16	60	4	56
n1s16	16	60	4	56
n1m4	4	26	7	19
n1s16	16	60	4	56
n1s16	16	60	4	56
n1s16	16	60	4	56
n1m4	4	26	7	19
n1m8	8	52	12	40
n1c4	4	4	2	2
n1m4	4	26	7	19
n1c16	16	15	5	10
n1s8	8	30	4	26
n1m8	8	52	12	40
n1m4	4	26	7	19
n1s4	4	15	6	9
n1s4	4	15	6	9
n1s4	4	15	6	9
n1c16	16	15	5	10
n1c4	4	4	2	2
n1m4	4	26	7	19
n1c16	16	15	5	10
n1m4	4	26	7	19
n1m2	2	13	2	11
n1s4	4	15	6	9
n1m4	4	26	7	19
n1s16	16	60	4	56
n1m8	8	52	12	40
n1s16	16	60	4	56
n1c16	16	15	5	10
n1m8	8	52	12	40
n1c8	8	8	2	6
n1s16	16	60	4	56
n1c4	4	4	2	2
n1s8	8	30	4	26
n1m2	2	13	2	11
n1s4	4	15	6	9
n1s8	8	30	4	26
n1s4	4	15	6	9
n1m2	2	13	2	11
n1s8	8	30	4	26
n1s16	16	60	4	56
n1s16	16	60	4	56
n1s2	2	8	2	6
n1m2	2	13	2	11
n1c8	8	8	2	6
n1s8	8	30	4	26
n1s4	4	15	6	9
n1c2	2	2	1	1
n1c4	4	4	2	2
n1s2	2	8	2	6
n1s8	8	30	4	26
n1m4	4	26	7	19
n1s16	16	60	4	56
n1s1	1	4	2	2
n1m8	8	52	12	40
n1c16	16	15	5	10
n1s4	4	15	6	9
n1m8	8	52	12	40
n1s16	16	60	4	56
n1m4	4	26	7	19
n1m4	4	26	7	19
n1s4	4	15	6	9
n1c2	2	2	1	1
n1s1	1	4	2	2
n1c2	2	2	1	1
n1m4	4	26	7	19
n1s1	1	4	2	2
n1m8	8	52	12	40
n1s16	16	60	4	56
n1m8	8	52	12	40
n1s1	1	4	2	2
n1s16	16	60	4	56
n1c4	4	4	2	2
n1m4	4	26	7	19
n1s16	16	60	4	56
n1c2	2	2	1	1
n1s4	4	15	6	9
n1m2	2	13	2	11
n1c4	4	4	2	2
n1c16	16	15	5	10
n1m8	8	52	12	40
n1m8	8	52	12	40
n1m2	2	13	2	11
n1c4	4	4	2	2
n1c16	16	15	5	10
n1s2	2	8	2	6
n1s4	4	15	6	9
n1c4	4	4	2	2
n1s2	2	8	2	6
n1c16	16	15	5	10
n1s4	4	15	6	9
n1c8	8	8	2	6
n1m4	4	26	7	19
n1s16	16	60	4	56
n1m8	8	52	12	40
n1s8	8	30	4	26
n1m8	8	52	12	40
n1s4	4	15	6	9
n1c16	16	15	5	10
n1s16	16	60	4	56
n1c2	2	2	1	1
n1s1	1	4	2	2
n1m4	4	26	7	19
n1m8	8	52	12	40
n1s16	16	60	4	56
n1s8	8	30	4	26
n1c16	16	15	5	10
n1m4	4	26	7	19
n1s4	4	15	6	9
n1m2	2	13	2	11
n1s4	4	15	6	9
n1s4	4	15	6	9
n1s16	16	60	4	56
n1c16	16	15	5	10
n1s8	8	30	4	26
n1m4	4	26	7	19
n1s16	16	60	4	56

	*******Analytics**********	
n1c4:	10
n1s1:	12
n1s2:	13
n1c8:	13
n1c2:	14
n1m2:	13
n1s4:	37
n1c16:	39
n1m8:	31
n1s8:	38
n1s16:	43
n1m4:	37

Total Number of VMs:	300

Total Number of H VMs:	225

Total Number of L VMs:	75

% L VMs in Total VMs:	25%

Randomization Effect:	1

File name:				vmExp_300_25_1
