n1s8	8	30	4	26
n1s2	2	8	2	6
n1c16	16	15	5	10
n1c4	4	4	2	2
n1s16	16	60	4	56
n1c16	16	15	5	10
n1c8	8	8	2	6
n1c2	2	2	1	1
n1c16	16	15	5	10
n1s4	4	15	6	9
n1s4	4	15	6	9
n1m4	4	26	7	19
n1m2	2	13	2	11
n1c16	16	15	5	10
n1s2	2	8	2	6
n1c2	2	2	1	1
n1s16	16	60	4	56
n1c8	8	8	2	6
n1c4	4	4	2	2
n1s2	2	8	2	6
n1c16	16	15	5	10
n1m8	8	52	12	40
n1s8	8	30	4	26
n1s16	16	60	4	56
n1c16	16	15	5	10
n1s2	2	8	2	6
n1s16	16	60	4	56
n1m8	8	52	12	40
n1c2	2	2	1	1
n1s1	1	4	2	2
n1s4	4	15	6	9
n1s4	4	15	6	9
n1s8	8	30	4	26
n1s2	2	8	2	6
n1s16	16	60	4	56
n1m4	4	26	7	19
n1s16	16	60	4	56
n1c4	4	4	2	2
n1s16	16	60	4	56
n1m2	2	13	2	11
n1c16	16	15	5	10
n1m8	8	52	12	40
n1m8	8	52	12	40
n1s8	8	30	4	26
n1m2	2	13	2	11
n1s8	8	30	4	26
n1s16	16	60	4	56
n1s1	1	4	2	2
n1m8	8	52	12	40
n1m8	8	52	12	40
n1m4	4	26	7	19
n1s16	16	60	4	56
n1m8	8	52	12	40
n1m2	2	13	2	11
n1c16	16	15	5	10
n1s4	4	15	6	9
n1m8	8	52	12	40
n1c4	4	4	2	2
n1c2	2	2	1	1
n1m4	4	26	7	19
n1m2	2	13	2	11
n1m4	4	26	7	19
n1m8	8	52	12	40
n1c16	16	15	5	10
n1m4	4	26	7	19
n1c2	2	2	1	1
n1c8	8	8	2	6
n1m8	8	52	12	40
n1m8	8	52	12	40
n1m8	8	52	12	40
n1c16	16	15	5	10
n1s4	4	15	6	9
n1s8	8	30	4	26
n1m8	8	52	12	40
n1c8	8	8	2	6
n1s2	2	8	2	6
n1s4	4	15	6	9
n1s8	8	30	4	26
n1c16	16	15	5	10
n1s4	4	15	6	9
n1s4	4	15	6	9
n1s4	4	15	6	9
n1s1	1	4	2	2
n1s1	1	4	2	2
n1s8	8	30	4	26
n1s16	16	60	4	56
n1m4	4	26	7	19
n1s4	4	15	6	9
n1m8	8	52	12	40
n1c4	4	4	2	2
n1s4	4	15	6	9
n1c2	2	2	1	1
n1s8	8	30	4	26
n1c2	2	2	1	1
n1s2	2	8	2	6
n1s8	8	30	4	26
n1c16	16	15	5	10
n1m8	8	52	12	40
n1s1	1	4	2	2
n1s2	2	8	2	6
n1c4	4	4	2	2
n1c16	16	15	5	10
n1s8	8	30	4	26
n1s8	8	30	4	26
n1s4	4	15	6	9
n1m2	2	13	2	11
n1s1	1	4	2	2
n1c16	16	15	5	10
n1s8	8	30	4	26
n1s4	4	15	6	9
n1m8	8	52	12	40
n1s2	2	8	2	6
n1s16	16	60	4	56
n1m4	4	26	7	19
n1c8	8	8	2	6
n1c2	2	2	1	1
n1m4	4	26	7	19
n1c16	16	15	5	10
n1s16	16	60	4	56
n1s1	1	4	2	2
n1s16	16	60	4	56
n1c16	16	15	5	10
n1s4	4	15	6	9
n1m8	8	52	12	40
n1c8	8	8	2	6
n1s4	4	15	6	9
n1s8	8	30	4	26
n1m2	2	13	2	11
n1s4	4	15	6	9
n1m4	4	26	7	19
n1s8	8	30	4	26
n1c16	16	15	5	10
n1s1	1	4	2	2
n1m4	4	26	7	19
n1c2	2	2	1	1
n1s1	1	4	2	2
n1c4	4	4	2	2
n1c4	4	4	2	2
n1c16	16	15	5	10
n1s8	8	30	4	26
n1s8	8	30	4	26
n1s1	1	4	2	2
n1s8	8	30	4	26
n1c2	2	2	1	1
n1m8	8	52	12	40
n1m2	2	13	2	11
n1s2	2	8	2	6
n1m8	8	52	12	40
n1m4	4	26	7	19
n1c16	16	15	5	10
n1m4	4	26	7	19
n1m8	8	52	12	40
n1s8	8	30	4	26
n1s8	8	30	4	26
n1s8	8	30	4	26
n1m4	4	26	7	19
n1c2	2	2	1	1
n1m4	4	26	7	19
n1c8	8	8	2	6
n1s2	2	8	2	6
n1s16	16	60	4	56
n1s4	4	15	6	9
n1c16	16	15	5	10
n1m4	4	26	7	19
n1c4	4	4	2	2
n1c8	8	8	2	6
n1c4	4	4	2	2
n1m8	8	52	12	40
n1s16	16	60	4	56
n1c8	8	8	2	6
n1m4	4	26	7	19
n1m4	4	26	7	19
n1m8	8	52	12	40
n1c16	16	15	5	10
n1c4	4	4	2	2
n1m4	4	26	7	19
n1c8	8	8	2	6
n1s4	4	15	6	9
n1m4	4	26	7	19
n1m4	4	26	7	19
n1s8	8	30	4	26
n1c16	16	15	5	10
n1s16	16	60	4	56
n1c2	2	2	1	1
n1s8	8	30	4	26
n1m8	8	52	12	40
n1s8	8	30	4	26
n1c2	2	2	1	1
n1c2	2	2	1	1
n1c16	16	15	5	10
n1s2	2	8	2	6
n1c4	4	4	2	2
n1s16	16	60	4	56
n1s16	16	60	4	56
n1m4	4	26	7	19
n1m4	4	26	7	19
n1s4	4	15	6	9
n1m4	4	26	7	19
n1s4	4	15	6	9
n1c16	16	15	5	10
n1m8	8	52	12	40
n1m8	8	52	12	40
n1m2	2	13	2	11
n1s8	8	30	4	26
n1s16	16	60	4	56
n1s4	4	15	6	9
n1s2	2	8	2	6
n1s4	4	15	6	9
n1m8	8	52	12	40
n1m4	4	26	7	19
n1m4	4	26	7	19
n1c2	2	2	1	1
n1s4	4	15	6	9
n1c8	8	8	2	6
n1m4	4	26	7	19
n1s4	4	15	6	9
n1s4	4	15	6	9
n1m8	8	52	12	40
n1m4	4	26	7	19
n1s4	4	15	6	9
n1c16	16	15	5	10
n1s2	2	8	2	6
n1s8	8	30	4	26
n1m2	2	13	2	11
n1c16	16	15	5	10
n1s2	2	8	2	6
n1m2	2	13	2	11
n1c8	8	8	2	6
n1c8	8	8	2	6
n1s4	4	15	6	9
n1c16	16	15	5	10
n1s16	16	60	4	56
n1s2	2	8	2	6
n1s8	8	30	4	26
n1m2	2	13	2	11
n1s8	8	30	4	26
n1s1	1	4	2	2
n1s4	4	15	6	9
n1c16	16	15	5	10
n1s8	8	30	4	26
n1c16	16	15	5	10
n1s8	8	30	4	26
n1m4	4	26	7	19
n1c16	16	15	5	10
n1m8	8	52	12	40
n1m8	8	52	12	40
n1s1	1	4	2	2
n1s16	16	60	4	56
n1m2	2	13	2	11
n1s8	8	30	4	26
n1s2	2	8	2	6
n1c2	2	2	1	1
n1s16	16	60	4	56
n1m8	8	52	12	40
n1c2	2	2	1	1
n1s16	16	60	4	56
n1m4	4	26	7	19
n1c2	2	2	1	1
n1m4	4	26	7	19
n1c4	4	4	2	2
n1m2	2	13	2	11
n1s16	16	60	4	56
n1s8	8	30	4	26
n1s4	4	15	6	9
n1s2	2	8	2	6
n1m2	2	13	2	11
n1c4	4	4	2	2
n1s16	16	60	4	56
n1s1	1	4	2	2
n1s4	4	15	6	9
n1s4	4	15	6	9
n1s2	2	8	2	6
n1s1	1	4	2	2
n1s16	16	60	4	56
n1m8	8	52	12	40
n1s16	16	60	4	56
n1s16	16	60	4	56
n1s2	2	8	2	6
n1c16	16	15	5	10
n1s8	8	30	4	26
n1s8	8	30	4	26
n1m8	8	52	12	40
n1m4	4	26	7	19
n1s8	8	30	4	26
n1s1	1	4	2	2
n1s8	8	30	4	26
n1s8	8	30	4	26
n1c2	2	2	1	1
n1m4	4	26	7	19
n1s16	16	60	4	56
n1m2	2	13	2	11
n1m4	4	26	7	19
n1m2	2	13	2	11
n1s16	16	60	4	56
n1s4	4	15	6	9
n1s16	16	60	4	56
n1m8	8	52	12	40
n1s4	4	15	6	9
n1s4	4	15	6	9
n1m8	8	52	12	40
n1s4	4	15	6	9
n1s4	4	15	6	9
n1s4	4	15	6	9
n1m2	2	13	2	11
n1m4	4	26	7	19
n1s1	1	4	2	2
n1c2	2	2	1	1
n1s4	4	15	6	9
n1c2	2	2	1	1
n1c4	4	4	2	2
n1c2	2	2	1	1
n1m8	8	52	12	40
n1s2	2	8	2	6
n1m8	8	52	12	40
n1s2	2	8	2	6
n1s1	1	4	2	2
n1c16	16	15	5	10
n1c16	16	15	5	10
n1c2	2	2	1	1
n1m8	8	52	12	40
n1c2	2	2	1	1
n1s16	16	60	4	56
n1c4	4	4	2	2
n1c2	2	2	1	1
n1c8	8	8	2	6
n1c16	16	15	5	10
n1s8	8	30	4	26
n1c2	2	2	1	1
n1c8	8	8	2	6
n1m8	8	52	12	40
n1c16	16	15	5	10
n1s16	16	60	4	56
n1m8	8	52	12	40
n1s8	8	30	4	26
n1s8	8	30	4	26
n1m2	2	13	2	11
n1s8	8	30	4	26
n1s4	4	15	6	9
n1s1	1	4	2	2
n1s16	16	60	4	56
n1c16	16	15	5	10
n1c16	16	15	5	10
n1s1	1	4	2	2
n1c16	16	15	5	10
n1s16	16	60	4	56
n1c16	16	15	5	10
n1s1	1	4	2	2
n1m4	4	26	7	19
n1m8	8	52	12	40
n1m4	4	26	7	19
n1s1	1	4	2	2
n1c2	2	2	1	1
n1m4	4	26	7	19
n1m4	4	26	7	19
n1m8	8	52	12	40
n1c16	16	15	5	10
n1s2	2	8	2	6
n1s16	16	60	4	56
n1c8	8	8	2	6
n1s16	16	60	4	56
n1s8	8	30	4	26
n1c2	2	2	1	1
n1s8	8	30	4	26
n1m8	8	52	12	40
n1c4	4	4	2	2
n1s4	4	15	6	9
n1c2	2	2	1	1
n1s1	1	4	2	2
n1c16	16	15	5	10
n1m8	8	52	12	40
n1m4	4	26	7	19
n1c8	8	8	2	6
n1c16	16	15	5	10
n1s16	16	60	4	56
n1m8	8	52	12	40
n1s16	16	60	4	56
n1m8	8	52	12	40
n1s2	2	8	2	6
n1s4	4	15	6	9
n1s1	1	4	2	2
n1c16	16	15	5	10
n1m2	2	13	2	11
n1m8	8	52	12	40
n1c8	8	8	2	6
n1m8	8	52	12	40
n1s4	4	15	6	9
n1s4	4	15	6	9
n1c4	4	4	2	2
n1s16	16	60	4	56
n1c2	2	2	1	1
n1s4	4	15	6	9
n1c16	16	15	5	10
n1m8	8	52	12	40
n1s16	16	60	4	56
n1s2	2	8	2	6
n1c8	8	8	2	6
n1c2	2	2	1	1
n1m4	4	26	7	19
n1m8	8	52	12	40
n1s4	4	15	6	9
n1s4	4	15	6	9
n1s16	16	60	4	56
n1m4	4	26	7	19
n1s8	8	30	4	26
n1s8	8	30	4	26
n1s8	8	30	4	26
n1s2	2	8	2	6
n1s4	4	15	6	9
n1m8	8	52	12	40
n1m8	8	52	12	40
n1m4	4	26	7	19
n1c4	4	4	2	2
n1s16	16	60	4	56
n1m8	8	52	12	40
n1m2	2	13	2	11
n1c8	8	8	2	6
n1s8	8	30	4	26
n1c4	4	4	2	2
n1s16	16	60	4	56
n1c2	2	2	1	1
n1s16	16	60	4	56
n1m2	2	13	2	11
n1c16	16	15	5	10
n1s16	16	60	4	56
n1m8	8	52	12	40
n1m2	2	13	2	11
n1s2	2	8	2	6
n1s16	16	60	4	56
n1s16	16	60	4	56
n1c16	16	15	5	10
n1c2	2	2	1	1
n1s16	16	60	4	56
n1s4	4	15	6	9
n1c4	4	4	2	2
n1s2	2	8	2	6
n1c2	2	2	1	1
n1m8	8	52	12	40
n1c2	2	2	1	1
n1c16	16	15	5	10
n1s2	2	8	2	6
n1c4	4	4	2	2
n1c16	16	15	5	10
n1s8	8	30	4	26
n1c2	2	2	1	1
n1c2	2	2	1	1
n1s1	1	4	2	2
n1m4	4	26	7	19
n1m8	8	52	12	40
n1s8	8	30	4	26
n1c4	4	4	2	2
n1c2	2	2	1	1
n1m2	2	13	2	11
n1s8	8	30	4	26
n1c2	2	2	1	1
n1c16	16	15	5	10
n1s4	4	15	6	9
n1c2	2	2	1	1
n1s16	16	60	4	56
n1s4	4	15	6	9
n1m8	8	52	12	40
n1s2	2	8	2	6
n1s16	16	60	4	56
n1s1	1	4	2	2
n1m8	8	52	12	40
n1s8	8	30	4	26
n1s8	8	30	4	26
n1c16	16	15	5	10
n1c16	16	15	5	10
n1c16	16	15	5	10
n1m8	8	52	12	40
n1m4	4	26	7	19
n1s1	1	4	2	2
n1m2	2	13	2	11
n1s2	2	8	2	6
n1c16	16	15	5	10
n1c4	4	4	2	2
n1c8	8	8	2	6
n1m8	8	52	12	40
n1s8	8	30	4	26
n1m8	8	52	12	40
n1s4	4	15	6	9
n1m4	4	26	7	19
n1m8	8	52	12	40
n1c16	16	15	5	10
n1s16	16	60	4	56
n1s8	8	30	4	26
n1m8	8	52	12	40
n1s8	8	30	4	26
n1s4	4	15	6	9
n1m4	4	26	7	19
n1s16	16	60	4	56
n1s1	1	4	2	2
n1s2	2	8	2	6
n1m8	8	52	12	40
n1m8	8	52	12	40
n1m2	2	13	2	11
n1s8	8	30	4	26
n1s16	16	60	4	56
n1s4	4	15	6	9
n1m4	4	26	7	19
n1m4	4	26	7	19
n1c2	2	2	1	1
n1s1	1	4	2	2
n1s1	1	4	2	2
n1s4	4	15	6	9
n1s4	4	15	6	9
n1s16	16	60	4	56
n1c16	16	15	5	10
n1s8	8	30	4	26
n1m8	8	52	12	40
n1s16	16	60	4	56
n1m8	8	52	12	40
n1s8	8	30	4	26
n1s4	4	15	6	9
n1s8	8	30	4	26
n1m4	4	26	7	19
n1s16	16	60	4	56
n1s8	8	30	4	26
n1s4	4	15	6	9
n1s1	1	4	2	2
n1c16	16	15	5	10
n1s8	8	30	4	26
n1m8	8	52	12	40
n1s16	16	60	4	56
n1m8	8	52	12	40
n1m8	8	52	12	40
n1c2	2	2	1	1
n1c2	2	2	1	1
n1s16	16	60	4	56
n1m8	8	52	12	40
n1s16	16	60	4	56
n1s4	4	15	6	9
n1s16	16	60	4	56
n1m8	8	52	12	40
n1c2	2	2	1	1
n1m2	2	13	2	11
n1s16	16	60	4	56
n1s4	4	15	6	9
n1s1	1	4	2	2
n1s1	1	4	2	2
n1m8	8	52	12	40
n1s8	8	30	4	26
n1m4	4	26	7	19
n1s8	8	30	4	26
n1s16	16	60	4	56
n1m2	2	13	2	11
n1c16	16	15	5	10
n1s2	2	8	2	6
n1m2	2	13	2	11
n1s4	4	15	6	9
n1s16	16	60	4	56
n1s8	8	30	4	26
n1c2	2	2	1	1
n1m4	4	26	7	19
n1s16	16	60	4	56
n1m8	8	52	12	40
n1c8	8	8	2	6
n1c16	16	15	5	10
n1s8	8	30	4	26
n1c8	8	8	2	6
n1c2	2	2	1	1
n1c4	4	4	2	2
n1s4	4	15	6	9
n1c16	16	15	5	10
n1c4	4	4	2	2
n1c8	8	8	2	6
n1c8	8	8	2	6
n1s8	8	30	4	26
n1c4	4	4	2	2
n1s16	16	60	4	56
n1c2	2	2	1	1
n1c2	2	2	1	1
n1s8	8	30	4	26
n1m8	8	52	12	40
n1s8	8	30	4	26
n1s16	16	60	4	56
n1s8	8	30	4	26
n1s4	4	15	6	9
n1m8	8	52	12	40
n1s4	4	15	6	9
n1s2	2	8	2	6
n1s1	1	4	2	2
n1c4	4	4	2	2
n1c8	8	8	2	6
n1m4	4	26	7	19
n1c8	8	8	2	6
n1c4	4	4	2	2
n1s8	8	30	4	26
n1m4	4	26	7	19
n1c4	4	4	2	2
n1c4	4	4	2	2
n1s8	8	30	4	26
n1s8	8	30	4	26
n1s8	8	30	4	26
n1s4	4	15	6	9
n1c16	16	15	5	10
n1s16	16	60	4	56
n1m4	4	26	7	19
n1s4	4	15	6	9
n1m8	8	52	12	40
n1c8	8	8	2	6
n1s16	16	60	4	56
n1m8	8	52	12	40
n1s16	16	60	4	56
n1m8	8	52	12	40
n1s8	8	30	4	26
n1m8	8	52	12	40
n1c8	8	8	2	6
n1m8	8	52	12	40
n1c8	8	8	2	6
n1c2	2	2	1	1
n1s16	16	60	4	56
n1c16	16	15	5	10
n1s1	1	4	2	2
n1m4	4	26	7	19
n1s2	2	8	2	6
n1m2	2	13	2	11
n1s8	8	30	4	26
n1m2	2	13	2	11
n1s8	8	30	4	26
n1s8	8	30	4	26
n1m8	8	52	12	40
n1m8	8	52	12	40
n1c16	16	15	5	10
n1m4	4	26	7	19
n1s1	1	4	2	2
n1s8	8	30	4	26
n1m8	8	52	12	40
n1c2	2	2	1	1
n1s16	16	60	4	56
n1s8	8	30	4	26
n1m4	4	26	7	19
n1c4	4	4	2	2
n1s4	4	15	6	9
n1c4	4	4	2	2
n1s2	2	8	2	6
n1s1	1	4	2	2
n1s4	4	15	6	9
n1c2	2	2	1	1
n1s8	8	30	4	26
n1s16	16	60	4	56
n1m4	4	26	7	19
n1s8	8	30	4	26
n1s4	4	15	6	9
n1s1	1	4	2	2
n1c8	8	8	2	6
n1s4	4	15	6	9
n1m4	4	26	7	19
n1s16	16	60	4	56
n1s1	1	4	2	2
n1m4	4	26	7	19
n1s16	16	60	4	56
n1m4	4	26	7	19
n1m8	8	52	12	40
n1s4	4	15	6	9
n1s4	4	15	6	9
n1s16	16	60	4	56
n1s8	8	30	4	26
n1c4	4	4	2	2
n1s4	4	15	6	9
n1s4	4	15	6	9
n1c8	8	8	2	6
n1s16	16	60	4	56
n1c16	16	15	5	10
n1s4	4	15	6	9
n1s4	4	15	6	9
n1c2	2	2	1	1
n1m2	2	13	2	11
n1s16	16	60	4	56
n1m4	4	26	7	19
n1m2	2	13	2	11
n1m2	2	13	2	11
n1c8	8	8	2	6
n1c2	2	2	1	1
n1s4	4	15	6	9
n1m8	8	52	12	40
n1m8	8	52	12	40
n1s4	4	15	6	9
n1s8	8	30	4	26
n1c4	4	4	2	2
n1s8	8	30	4	26
n1m8	8	52	12	40
n1c16	16	15	5	10
n1c16	16	15	5	10
n1s8	8	30	4	26
n1c8	8	8	2	6
n1s4	4	15	6	9
n1s8	8	30	4	26
n1m8	8	52	12	40
n1s16	16	60	4	56
n1s4	4	15	6	9
n1s2	2	8	2	6
n1s1	1	4	2	2
n1s16	16	60	4	56
n1m4	4	26	7	19
n1m2	2	13	2	11
n1c16	16	15	5	10
n1s8	8	30	4	26
n1c4	4	4	2	2
n1s2	2	8	2	6
n1c8	8	8	2	6
n1s2	2	8	2	6
n1s4	4	15	6	9
n1s8	8	30	4	26
n1m2	2	13	2	11
n1c4	4	4	2	2
n1s2	2	8	2	6
n1s8	8	30	4	26
n1c8	8	8	2	6
n1s2	2	8	2	6
n1s2	2	8	2	6
n1c16	16	15	5	10
n1c16	16	15	5	10
n1m8	8	52	12	40
n1m8	8	52	12	40
n1s4	4	15	6	9
n1s16	16	60	4	56
n1s16	16	60	4	56
n1s8	8	30	4	26
n1s8	8	30	4	26
n1c8	8	8	2	6
n1c16	16	15	5	10
n1m4	4	26	7	19
n1c4	4	4	2	2
n1s4	4	15	6	9
n1m2	2	13	2	11
n1s1	1	4	2	2
n1s16	16	60	4	56
n1s8	8	30	4	26
n1s8	8	30	4	26
n1c2	2	2	1	1
n1s4	4	15	6	9
n1s16	16	60	4	56
n1s8	8	30	4	26
n1s16	16	60	4	56
n1s8	8	30	4	26
n1c8	8	8	2	6
n1s2	2	8	2	6
n1c16	16	15	5	10
n1c2	2	2	1	1
n1c4	4	4	2	2
n1s8	8	30	4	26
n1m4	4	26	7	19
n1c16	16	15	5	10
n1s8	8	30	4	26
n1s8	8	30	4	26
n1m8	8	52	12	40
n1m4	4	26	7	19
n1c8	8	8	2	6
n1s2	2	8	2	6
n1s8	8	30	4	26
n1s1	1	4	2	2
n1c4	4	4	2	2
n1s8	8	30	4	26
n1c2	2	2	1	1
n1c8	8	8	2	6
n1s2	2	8	2	6
n1m4	4	26	7	19
n1m4	4	26	7	19
n1s4	4	15	6	9
n1c16	16	15	5	10
n1m2	2	13	2	11
n1s2	2	8	2	6
n1s4	4	15	6	9
n1m8	8	52	12	40
n1m8	8	52	12	40
n1m4	4	26	7	19
n1s1	1	4	2	2
n1s16	16	60	4	56
n1c4	4	4	2	2
n1m4	4	26	7	19
n1s4	4	15	6	9
n1m4	4	26	7	19
n1s8	8	30	4	26
n1s16	16	60	4	56
n1s2	2	8	2	6
n1m8	8	52	12	40
n1m4	4	26	7	19
n1s1	1	4	2	2
n1c2	2	2	1	1
n1s8	8	30	4	26
n1c16	16	15	5	10
n1m8	8	52	12	40
n1s16	16	60	4	56
n1m8	8	52	12	40
n1c2	2	2	1	1
n1c8	8	8	2	6
n1m8	8	52	12	40
n1c4	4	4	2	2
n1s1	1	4	2	2
n1m4	4	26	7	19
n1s1	1	4	2	2
n1s4	4	15	6	9
n1s4	4	15	6	9
n1m8	8	52	12	40
n1m8	8	52	12	40
n1c2	2	2	1	1
n1m2	2	13	2	11
n1s2	2	8	2	6
n1m8	8	52	12	40
n1c4	4	4	2	2
n1s16	16	60	4	56
n1s8	8	30	4	26
n1c4	4	4	2	2
n1s4	4	15	6	9
n1s8	8	30	4	26
n1c8	8	8	2	6
n1c4	4	4	2	2
n1s4	4	15	6	9
n1c8	8	8	2	6
n1s8	8	30	4	26
n1m8	8	52	12	40
n1s2	2	8	2	6
n1m2	2	13	2	11
n1s16	16	60	4	56
n1s4	4	15	6	9
n1m4	4	26	7	19
n1s1	1	4	2	2
n1c2	2	2	1	1
n1c16	16	15	5	10
n1s4	4	15	6	9
n1s1	1	4	2	2
n1s1	1	4	2	2
n1s2	2	8	2	6
n1c16	16	15	5	10
n1c4	4	4	2	2
n1m4	4	26	7	19
n1c8	8	8	2	6
n1c8	8	8	2	6
n1s8	8	30	4	26
n1s4	4	15	6	9
n1s16	16	60	4	56
n1m8	8	52	12	40
n1c2	2	2	1	1
n1m8	8	52	12	40
n1m2	2	13	2	11
n1m8	8	52	12	40
n1s16	16	60	4	56
n1c4	4	4	2	2
n1m4	4	26	7	19
n1s1	1	4	2	2
n1m2	2	13	2	11
n1s16	16	60	4	56
n1m8	8	52	12	40
n1s4	4	15	6	9
n1c4	4	4	2	2
n1s1	1	4	2	2
n1c4	4	4	2	2
n1s16	16	60	4	56
n1s8	8	30	4	26
n1m8	8	52	12	40
n1c4	4	4	2	2
n1s16	16	60	4	56
n1c16	16	15	5	10
n1c8	8	8	2	6
n1c16	16	15	5	10
n1m4	4	26	7	19
n1c4	4	4	2	2
n1m8	8	52	12	40
n1s4	4	15	6	9
n1c2	2	2	1	1
n1s1	1	4	2	2
n1m2	2	13	2	11
n1s2	2	8	2	6
n1m2	2	13	2	11
n1s2	2	8	2	6
n1m8	8	52	12	40
n1m4	4	26	7	19
n1c2	2	2	1	1
n1s4	4	15	6	9
n1s2	2	8	2	6
n1s8	8	30	4	26
n1s4	4	15	6	9
n1s1	1	4	2	2
n1s16	16	60	4	56
n1c8	8	8	2	6
n1c4	4	4	2	2
n1m2	2	13	2	11
n1m2	2	13	2	11
n1s2	2	8	2	6
n1c8	8	8	2	6
n1c2	2	2	1	1
n1c4	4	4	2	2
n1m2	2	13	2	11
n1s4	4	15	6	9
n1m4	4	26	7	19
n1s16	16	60	4	56
n1c2	2	2	1	1
n1c16	16	15	5	10
n1c8	8	8	2	6
n1s16	16	60	4	56
n1s4	4	15	6	9
n1s16	16	60	4	56
n1m8	8	52	12	40
n1s4	4	15	6	9
n1c8	8	8	2	6
n1s2	2	8	2	6
n1c16	16	15	5	10
n1m4	4	26	7	19
n1m8	8	52	12	40
n1s4	4	15	6	9
n1s16	16	60	4	56
n1m2	2	13	2	11
n1c16	16	15	5	10
n1m4	4	26	7	19
n1m8	8	52	12	40
n1s1	1	4	2	2
n1s8	8	30	4	26
n1c16	16	15	5	10
n1m4	4	26	7	19
n1m8	8	52	12	40
n1m4	4	26	7	19
n1c2	2	2	1	1
n1c4	4	4	2	2
n1c8	8	8	2	6
n1m4	4	26	7	19
n1s8	8	30	4	26
n1s8	8	30	4	26
n1m8	8	52	12	40
n1m8	8	52	12	40
n1c16	16	15	5	10
n1s16	16	60	4	56
n1s16	16	60	4	56
n1m2	2	13	2	11
n1s8	8	30	4	26
n1s4	4	15	6	9
n1m4	4	26	7	19
n1m2	2	13	2	11
n1s16	16	60	4	56
n1s2	2	8	2	6
n1m4	4	26	7	19
n1s2	2	8	2	6
n1s16	16	60	4	56
n1c4	4	4	2	2
n1m8	8	52	12	40
n1s16	16	60	4	56
n1m8	8	52	12	40
n1s1	1	4	2	2
n1m4	4	26	7	19
n1s2	2	8	2	6
n1m2	2	13	2	11
n1m8	8	52	12	40
n1s16	16	60	4	56
n1s8	8	30	4	26
n1s4	4	15	6	9
n1s16	16	60	4	56
n1s1	1	4	2	2
n1c4	4	4	2	2
n1m4	4	26	7	19
n1s4	4	15	6	9
n1c2	2	2	1	1
n1s4	4	15	6	9
n1m8	8	52	12	40
n1s16	16	60	4	56
n1s2	2	8	2	6
n1c8	8	8	2	6
n1s4	4	15	6	9
n1c16	16	15	5	10
n1s8	8	30	4	26
n1c16	16	15	5	10
n1s8	8	30	4	26
n1s8	8	30	4	26
n1s16	16	60	4	56
n1m2	2	13	2	11
n1c4	4	4	2	2
n1s4	4	15	6	9
n1m8	8	52	12	40
n1m4	4	26	7	19
n1s4	4	15	6	9
n1c16	16	15	5	10
n1s2	2	8	2	6
n1m4	4	26	7	19
n1m4	4	26	7	19
n1c2	2	2	1	1
n1m2	2	13	2	11
n1s8	8	30	4	26
n1c16	16	15	5	10
n1m2	2	13	2	11
n1m4	4	26	7	19
n1m8	8	52	12	40
n1s4	4	15	6	9
n1s4	4	15	6	9
n1m8	8	52	12	40
n1c8	8	8	2	6
n1s4	4	15	6	9
n1m4	4	26	7	19
n1s4	4	15	6	9
n1c16	16	15	5	10
n1c16	16	15	5	10
n1m4	4	26	7	19
n1s4	4	15	6	9
n1m4	4	26	7	19
n1s4	4	15	6	9
n1m2	2	13	2	11
n1m8	8	52	12	40
n1c16	16	15	5	10
n1s1	1	4	2	2
n1c8	8	8	2	6
n1m8	8	52	12	40
n1m4	4	26	7	19

	*******Analytics**********	
n1c4:	56
n1s1:	60
n1s2:	68
n1c8:	55
n1c2:	57
n1m2:	54
n1s4:	115
n1c16:	97
n1m8:	117
n1s8:	123
n1s16:	109
n1m4:	89

Total Number of VMs:	1000

Total Number of H VMs:	650

Total Number of L VMs:	350

% L VMs in Total VMs:	35%

Randomization Effect:	1

File name:				vmExp_1000_35_1
