n1s8	8	30	4	26
n1m8	8	52	12	40
n1c16	16	15	5	10
n1s4	4	15	6	9
n1s16	16	60	4	56
n1c16	16	15	5	10
n1c8	8	8	2	6
n1s16	16	60	4	56
n1c16	16	15	5	10
n1s4	4	15	6	9
n1s4	4	15	6	9
n1m4	4	26	7	19
n1m2	2	13	2	11
n1c16	16	15	5	10
n1m8	8	52	12	40
n1s16	16	60	4	56
n1s16	16	60	4	56
n1s8	8	30	4	26
n1c4	4	4	2	2
n1s2	2	8	2	6
n1c16	16	15	5	10
n1m8	8	52	12	40
n1s8	8	30	4	26
n1s16	16	60	4	56
n1c16	16	15	5	10
n1m8	8	52	12	40
n1s16	16	60	4	56
n1m8	8	52	12	40
n1c2	2	2	1	1
n1c16	16	15	5	10
n1s4	4	15	6	9
n1s4	4	15	6	9
n1s8	8	30	4	26
n1m8	8	52	12	40
n1s16	16	60	4	56
n1m4	4	26	7	19
n1s16	16	60	4	56
n1s4	4	15	6	9
n1s16	16	60	4	56
n1m4	4	26	7	19
n1c16	16	15	5	10
n1m8	8	52	12	40
n1m8	8	52	12	40
n1s8	8	30	4	26
n1m4	4	26	7	19
n1s8	8	30	4	26
n1s16	16	60	4	56
n1c16	16	15	5	10
n1m8	8	52	12	40
n1m8	8	52	12	40
n1m4	4	26	7	19
n1s16	16	60	4	56
n1m8	8	52	12	40
n1m4	4	26	7	19
n1c16	16	15	5	10
n1s4	4	15	6	9
n1m8	8	52	12	40
n1s4	4	15	6	9
n1s16	16	60	4	56
n1m4	4	26	7	19
n1m4	4	26	7	19
n1m4	4	26	7	19
n1m8	8	52	12	40
n1c16	16	15	5	10
n1m4	4	26	7	19
n1s16	16	60	4	56
n1s8	8	30	4	26
n1m8	8	52	12	40
n1m8	8	52	12	40
n1m8	8	52	12	40
n1c16	16	15	5	10
n1s4	4	15	6	9
n1s8	8	30	4	26
n1m8	8	52	12	40
n1s8	8	30	4	26
n1m8	8	52	12	40
n1s4	4	15	6	9
n1s8	8	30	4	26
n1c16	16	15	5	10
n1s4	4	15	6	9
n1s4	4	15	6	9
n1s4	4	15	6	9
n1c16	16	15	5	10
n1c16	16	15	5	10
n1s8	8	30	4	26
n1s16	16	60	4	56
n1m4	4	26	7	19
n1s4	4	15	6	9
n1m8	8	52	12	40
n1s4	4	15	6	9
n1s4	4	15	6	9
n1c2	2	2	1	1
n1s8	8	30	4	26
n1s16	16	60	4	56
n1m8	8	52	12	40
n1s8	8	30	4	26
n1c16	16	15	5	10
n1m8	8	52	12	40
n1c16	16	15	5	10
n1m8	8	52	12	40
n1s4	4	15	6	9
n1c16	16	15	5	10
n1s8	8	30	4	26
n1s8	8	30	4	26
n1s4	4	15	6	9
n1m4	4	26	7	19
n1c16	16	15	5	10
n1c16	16	15	5	10
n1s8	8	30	4	26
n1s4	4	15	6	9
n1m8	8	52	12	40
n1s2	2	8	2	6
n1s16	16	60	4	56
n1m4	4	26	7	19
n1s8	8	30	4	26
n1s16	16	60	4	56
n1m4	4	26	7	19
n1c16	16	15	5	10
n1s16	16	60	4	56
n1c16	16	15	5	10
n1s16	16	60	4	56
n1c16	16	15	5	10
n1s4	4	15	6	9
n1m8	8	52	12	40
n1s8	8	30	4	26
n1s4	4	15	6	9
n1s8	8	30	4	26
n1m4	4	26	7	19
n1s4	4	15	6	9
n1m4	4	26	7	19
n1s8	8	30	4	26
n1c16	16	15	5	10
n1c16	16	15	5	10
n1m4	4	26	7	19
n1s16	16	60	4	56
n1c16	16	15	5	10
n1s4	4	15	6	9
n1s4	4	15	6	9
n1c16	16	15	5	10
n1s8	8	30	4	26
n1s8	8	30	4	26
n1s1	1	4	2	2
n1s8	8	30	4	26
n1c2	2	2	1	1
n1m8	8	52	12	40
n1m4	4	26	7	19
n1m8	8	52	12	40
n1m8	8	52	12	40
n1m4	4	26	7	19
n1c16	16	15	5	10
n1m4	4	26	7	19
n1m8	8	52	12	40
n1s8	8	30	4	26
n1s8	8	30	4	26
n1s8	8	30	4	26
n1m4	4	26	7	19
n1c2	2	2	1	1
n1m4	4	26	7	19
n1s8	8	30	4	26
n1m8	8	52	12	40
n1s16	16	60	4	56
n1s4	4	15	6	9
n1c16	16	15	5	10
n1m4	4	26	7	19
n1s4	4	15	6	9
n1s8	8	30	4	26
n1s4	4	15	6	9
n1m8	8	52	12	40
n1s16	16	60	4	56
n1s8	8	30	4	26
n1m4	4	26	7	19
n1m4	4	26	7	19
n1m8	8	52	12	40
n1c16	16	15	5	10
n1s4	4	15	6	9
n1m4	4	26	7	19
n1s8	8	30	4	26
n1s4	4	15	6	9
n1m4	4	26	7	19
n1m4	4	26	7	19
n1s8	8	30	4	26
n1c16	16	15	5	10
n1s16	16	60	4	56
n1s16	16	60	4	56
n1s8	8	30	4	26
n1m8	8	52	12	40
n1s8	8	30	4	26
n1s16	16	60	4	56
n1s16	16	60	4	56
n1c16	16	15	5	10
n1m8	8	52	12	40
n1c4	4	4	2	2
n1s16	16	60	4	56
n1s16	16	60	4	56
n1m4	4	26	7	19
n1m4	4	26	7	19
n1s4	4	15	6	9
n1m4	4	26	7	19
n1s4	4	15	6	9
n1c16	16	15	5	10
n1m8	8	52	12	40
n1m8	8	52	12	40
n1m4	4	26	7	19
n1s8	8	30	4	26
n1s16	16	60	4	56
n1s4	4	15	6	9
n1m8	8	52	12	40
n1s4	4	15	6	9
n1m8	8	52	12	40
n1m4	4	26	7	19
n1m4	4	26	7	19
n1s16	16	60	4	56
n1s4	4	15	6	9
n1c8	8	8	2	6
n1m4	4	26	7	19
n1s4	4	15	6	9
n1s4	4	15	6	9
n1m8	8	52	12	40
n1m4	4	26	7	19
n1s4	4	15	6	9
n1c16	16	15	5	10
n1m8	8	52	12	40
n1s8	8	30	4	26
n1m4	4	26	7	19
n1c16	16	15	5	10
n1s2	2	8	2	6
n1m2	2	13	2	11
n1c8	8	8	2	6
n1s8	8	30	4	26
n1s4	4	15	6	9
n1c16	16	15	5	10
n1s16	16	60	4	56
n1s2	2	8	2	6
n1s8	8	30	4	26
n1m4	4	26	7	19
n1s8	8	30	4	26
n1s1	1	4	2	2
n1s4	4	15	6	9
n1c16	16	15	5	10
n1s8	8	30	4	26
n1c16	16	15	5	10
n1s8	8	30	4	26
n1m4	4	26	7	19
n1c16	16	15	5	10
n1m8	8	52	12	40
n1m8	8	52	12	40
n1c16	16	15	5	10
n1s16	16	60	4	56
n1m4	4	26	7	19
n1s8	8	30	4	26
n1m8	8	52	12	40
n1s16	16	60	4	56
n1s16	16	60	4	56
n1m8	8	52	12	40
n1s16	16	60	4	56
n1s16	16	60	4	56
n1m4	4	26	7	19
n1s16	16	60	4	56
n1m4	4	26	7	19
n1s4	4	15	6	9
n1m4	4	26	7	19
n1s16	16	60	4	56
n1s8	8	30	4	26
n1s4	4	15	6	9
n1m8	8	52	12	40
n1m2	2	13	2	11
n1c4	4	4	2	2
n1s16	16	60	4	56
n1c16	16	15	5	10
n1s4	4	15	6	9
n1s4	4	15	6	9
n1s2	2	8	2	6
n1c16	16	15	5	10
n1s16	16	60	4	56
n1m8	8	52	12	40
n1s16	16	60	4	56
n1s16	16	60	4	56
n1m8	8	52	12	40
n1c16	16	15	5	10
n1s8	8	30	4	26
n1s8	8	30	4	26
n1m8	8	52	12	40
n1m4	4	26	7	19
n1s8	8	30	4	26
n1c16	16	15	5	10
n1s8	8	30	4	26
n1s8	8	30	4	26
n1s16	16	60	4	56
n1m4	4	26	7	19
n1s16	16	60	4	56
n1m4	4	26	7	19
n1m4	4	26	7	19
n1m4	4	26	7	19
n1s16	16	60	4	56
n1s4	4	15	6	9
n1s16	16	60	4	56
n1m8	8	52	12	40
n1s4	4	15	6	9
n1s4	4	15	6	9
n1m8	8	52	12	40
n1s4	4	15	6	9
n1s4	4	15	6	9
n1s4	4	15	6	9
n1m4	4	26	7	19
n1m4	4	26	7	19
n1c16	16	15	5	10
n1s16	16	60	4	56
n1s4	4	15	6	9
n1s16	16	60	4	56
n1s4	4	15	6	9
n1s16	16	60	4	56
n1m8	8	52	12	40
n1m8	8	52	12	40
n1m8	8	52	12	40
n1m8	8	52	12	40
n1c16	16	15	5	10
n1c16	16	15	5	10
n1c16	16	15	5	10
n1s16	16	60	4	56
n1m8	8	52	12	40
n1s16	16	60	4	56
n1s16	16	60	4	56
n1c4	4	4	2	2
n1s16	16	60	4	56
n1s8	8	30	4	26
n1c16	16	15	5	10
n1s8	8	30	4	26
n1c2	2	2	1	1
n1s8	8	30	4	26
n1m8	8	52	12	40
n1c16	16	15	5	10
n1s16	16	60	4	56
n1m8	8	52	12	40
n1s8	8	30	4	26
n1s8	8	30	4	26
n1m2	2	13	2	11
n1s8	8	30	4	26
n1s4	4	15	6	9
n1c16	16	15	5	10
n1s16	16	60	4	56
n1c16	16	15	5	10
n1c16	16	15	5	10
n1c16	16	15	5	10
n1c16	16	15	5	10
n1s16	16	60	4	56
n1c16	16	15	5	10
n1s1	1	4	2	2
n1m4	4	26	7	19
n1m8	8	52	12	40
n1m4	4	26	7	19
n1s1	1	4	2	2
n1s16	16	60	4	56
n1m4	4	26	7	19
n1m4	4	26	7	19
n1m8	8	52	12	40
n1c16	16	15	5	10
n1s2	2	8	2	6
n1s16	16	60	4	56
n1s8	8	30	4	26
n1s16	16	60	4	56
n1s8	8	30	4	26
n1c2	2	2	1	1
n1s8	8	30	4	26
n1m8	8	52	12	40
n1c4	4	4	2	2
n1s4	4	15	6	9
n1s16	16	60	4	56
n1c16	16	15	5	10
n1c16	16	15	5	10
n1m8	8	52	12	40
n1m4	4	26	7	19
n1s8	8	30	4	26
n1c16	16	15	5	10
n1s16	16	60	4	56
n1m8	8	52	12	40
n1s16	16	60	4	56
n1m8	8	52	12	40
n1m8	8	52	12	40
n1s4	4	15	6	9
n1c16	16	15	5	10
n1c16	16	15	5	10
n1m4	4	26	7	19
n1m8	8	52	12	40
n1s8	8	30	4	26
n1m8	8	52	12	40
n1s4	4	15	6	9
n1s4	4	15	6	9
n1s4	4	15	6	9
n1s16	16	60	4	56
n1s16	16	60	4	56
n1s4	4	15	6	9
n1c16	16	15	5	10
n1m8	8	52	12	40
n1s16	16	60	4	56
n1m8	8	52	12	40
n1s8	8	30	4	26
n1s16	16	60	4	56
n1m4	4	26	7	19
n1m8	8	52	12	40
n1s4	4	15	6	9
n1s4	4	15	6	9
n1s16	16	60	4	56
n1m4	4	26	7	19
n1s8	8	30	4	26
n1s8	8	30	4	26
n1s8	8	30	4	26
n1m8	8	52	12	40
n1s4	4	15	6	9
n1m8	8	52	12	40
n1m8	8	52	12	40
n1m4	4	26	7	19
n1s4	4	15	6	9
n1s16	16	60	4	56
n1m8	8	52	12	40
n1m4	4	26	7	19
n1s8	8	30	4	26
n1s8	8	30	4	26
n1s4	4	15	6	9
n1s16	16	60	4	56
n1s16	16	60	4	56
n1s16	16	60	4	56
n1m4	4	26	7	19
n1c16	16	15	5	10
n1s16	16	60	4	56
n1m8	8	52	12	40
n1m4	4	26	7	19
n1m8	8	52	12	40
n1s16	16	60	4	56
n1s16	16	60	4	56
n1c16	16	15	5	10
n1s16	16	60	4	56
n1s16	16	60	4	56
n1s4	4	15	6	9
n1s4	4	15	6	9
n1m8	8	52	12	40
n1s16	16	60	4	56
n1m8	8	52	12	40
n1c2	2	2	1	1
n1c16	16	15	5	10
n1m8	8	52	12	40
n1c4	4	4	2	2
n1c16	16	15	5	10
n1s8	8	30	4	26
n1s16	16	60	4	56
n1s16	16	60	4	56
n1c16	16	15	5	10
n1m4	4	26	7	19
n1m8	8	52	12	40
n1s8	8	30	4	26
n1s4	4	15	6	9
n1s16	16	60	4	56
n1m4	4	26	7	19
n1s8	8	30	4	26
n1s16	16	60	4	56
n1c16	16	15	5	10
n1s4	4	15	6	9
n1s16	16	60	4	56
n1s16	16	60	4	56
n1s4	4	15	6	9
n1m8	8	52	12	40
n1m8	8	52	12	40
n1s16	16	60	4	56
n1c16	16	15	5	10
n1m8	8	52	12	40
n1s8	8	30	4	26
n1s8	8	30	4	26
n1c16	16	15	5	10
n1c16	16	15	5	10
n1c16	16	15	5	10
n1m8	8	52	12	40
n1m4	4	26	7	19
n1c16	16	15	5	10
n1m4	4	26	7	19
n1m8	8	52	12	40
n1c16	16	15	5	10
n1s4	4	15	6	9
n1s8	8	30	4	26
n1m8	8	52	12	40
n1s8	8	30	4	26
n1m8	8	52	12	40
n1s4	4	15	6	9
n1m4	4	26	7	19
n1m8	8	52	12	40
n1c16	16	15	5	10
n1s16	16	60	4	56
n1s8	8	30	4	26
n1m8	8	52	12	40
n1s8	8	30	4	26
n1s4	4	15	6	9
n1m4	4	26	7	19
n1s16	16	60	4	56
n1c16	16	15	5	10
n1m8	8	52	12	40
n1m8	8	52	12	40
n1m8	8	52	12	40
n1m2	2	13	2	11
n1s8	8	30	4	26
n1s16	16	60	4	56
n1s4	4	15	6	9
n1m4	4	26	7	19
n1m4	4	26	7	19
n1s16	16	60	4	56
n1c16	16	15	5	10
n1c16	16	15	5	10
n1s4	4	15	6	9
n1s4	4	15	6	9
n1s16	16	60	4	56
n1c16	16	15	5	10
n1s8	8	30	4	26
n1m8	8	52	12	40
n1s16	16	60	4	56
n1m8	8	52	12	40
n1s8	8	30	4	26
n1s4	4	15	6	9
n1s8	8	30	4	26
n1m4	4	26	7	19
n1s16	16	60	4	56
n1s8	8	30	4	26
n1s4	4	15	6	9
n1c16	16	15	5	10
n1c16	16	15	5	10
n1s8	8	30	4	26
n1m8	8	52	12	40
n1s16	16	60	4	56
n1m8	8	52	12	40
n1m8	8	52	12	40
n1s16	16	60	4	56
n1s16	16	60	4	56
n1s16	16	60	4	56
n1m8	8	52	12	40
n1s16	16	60	4	56
n1s4	4	15	6	9
n1s16	16	60	4	56
n1m8	8	52	12	40
n1s16	16	60	4	56
n1m4	4	26	7	19
n1s16	16	60	4	56
n1s4	4	15	6	9
n1c16	16	15	5	10
n1c16	16	15	5	10
n1m8	8	52	12	40
n1s8	8	30	4	26
n1m4	4	26	7	19
n1s8	8	30	4	26
n1s16	16	60	4	56
n1m4	4	26	7	19
n1c16	16	15	5	10
n1m8	8	52	12	40
n1m2	2	13	2	11
n1s4	4	15	6	9
n1s16	16	60	4	56
n1s8	8	30	4	26
n1s16	16	60	4	56
n1m4	4	26	7	19
n1s16	16	60	4	56
n1m8	8	52	12	40
n1s8	8	30	4	26
n1c16	16	15	5	10
n1s8	8	30	4	26
n1s8	8	30	4	26
n1s16	16	60	4	56
n1s4	4	15	6	9
n1s4	4	15	6	9
n1c16	16	15	5	10
n1s4	4	15	6	9
n1s8	8	30	4	26
n1c8	8	8	2	6
n1s8	8	30	4	26
n1c4	4	4	2	2
n1s16	16	60	4	56
n1s16	16	60	4	56
n1s16	16	60	4	56
n1s8	8	30	4	26
n1m8	8	52	12	40
n1s8	8	30	4	26
n1s16	16	60	4	56
n1s8	8	30	4	26
n1s4	4	15	6	9
n1m8	8	52	12	40
n1s4	4	15	6	9
n1m8	8	52	12	40
n1c16	16	15	5	10
n1s4	4	15	6	9
n1s8	8	30	4	26
n1m4	4	26	7	19
n1s8	8	30	4	26
n1c4	4	4	2	2
n1s8	8	30	4	26
n1m4	4	26	7	19
n1s4	4	15	6	9
n1s4	4	15	6	9
n1s8	8	30	4	26
n1s8	8	30	4	26
n1s8	8	30	4	26
n1s4	4	15	6	9
n1c16	16	15	5	10
n1s16	16	60	4	56
n1m4	4	26	7	19
n1s4	4	15	6	9
n1m8	8	52	12	40
n1s8	8	30	4	26
n1s16	16	60	4	56
n1m8	8	52	12	40
n1s16	16	60	4	56
n1m8	8	52	12	40
n1s8	8	30	4	26
n1m8	8	52	12	40
n1s8	8	30	4	26
n1m8	8	52	12	40
n1s8	8	30	4	26
n1s16	16	60	4	56
n1s16	16	60	4	56
n1c16	16	15	5	10
n1c16	16	15	5	10
n1m4	4	26	7	19
n1m8	8	52	12	40
n1m4	4	26	7	19
n1s8	8	30	4	26
n1m4	4	26	7	19
n1s8	8	30	4	26
n1s8	8	30	4	26
n1m8	8	52	12	40
n1m8	8	52	12	40
n1c16	16	15	5	10
n1m4	4	26	7	19
n1c16	16	15	5	10
n1s8	8	30	4	26
n1m8	8	52	12	40
n1s16	16	60	4	56
n1s16	16	60	4	56
n1s8	8	30	4	26
n1m4	4	26	7	19
n1s4	4	15	6	9
n1s4	4	15	6	9
n1c4	4	4	2	2
n1m8	8	52	12	40
n1c16	16	15	5	10
n1s4	4	15	6	9
n1c2	2	2	1	1
n1s8	8	30	4	26
n1s16	16	60	4	56
n1m4	4	26	7	19
n1s8	8	30	4	26
n1s4	4	15	6	9
n1c16	16	15	5	10
n1c8	8	8	2	6
n1s4	4	15	6	9
n1m4	4	26	7	19
n1s16	16	60	4	56
n1c16	16	15	5	10
n1m4	4	26	7	19
n1s16	16	60	4	56
n1m4	4	26	7	19
n1m8	8	52	12	40
n1s4	4	15	6	9
n1s4	4	15	6	9
n1s16	16	60	4	56
n1s8	8	30	4	26
n1s4	4	15	6	9
n1s4	4	15	6	9
n1s4	4	15	6	9
n1c8	8	8	2	6
n1s16	16	60	4	56
n1c16	16	15	5	10
n1s4	4	15	6	9
n1s4	4	15	6	9
n1s16	16	60	4	56
n1m4	4	26	7	19
n1s16	16	60	4	56
n1m4	4	26	7	19
n1m4	4	26	7	19
n1m4	4	26	7	19
n1s8	8	30	4	26
n1s16	16	60	4	56
n1s4	4	15	6	9
n1m8	8	52	12	40
n1m8	8	52	12	40
n1s4	4	15	6	9
n1s8	8	30	4	26
n1s4	4	15	6	9
n1s8	8	30	4	26
n1m8	8	52	12	40
n1c16	16	15	5	10
n1c16	16	15	5	10
n1s8	8	30	4	26
n1c8	8	8	2	6
n1s4	4	15	6	9
n1s8	8	30	4	26
n1m8	8	52	12	40
n1s16	16	60	4	56
n1s4	4	15	6	9
n1m8	8	52	12	40
n1c16	16	15	5	10
n1s16	16	60	4	56
n1m4	4	26	7	19
n1m4	4	26	7	19
n1c16	16	15	5	10
n1s8	8	30	4	26
n1s4	4	15	6	9
n1m8	8	52	12	40
n1s8	8	30	4	26
n1m8	8	52	12	40
n1s4	4	15	6	9
n1s8	8	30	4	26
n1m4	4	26	7	19
n1s4	4	15	6	9
n1m8	8	52	12	40
n1s8	8	30	4	26
n1s8	8	30	4	26
n1m8	8	52	12	40
n1m8	8	52	12	40
n1c16	16	15	5	10
n1c16	16	15	5	10
n1m8	8	52	12	40
n1m8	8	52	12	40
n1s4	4	15	6	9
n1s16	16	60	4	56
n1s16	16	60	4	56
n1s8	8	30	4	26
n1s8	8	30	4	26
n1s8	8	30	4	26
n1c16	16	15	5	10
n1m4	4	26	7	19
n1s4	4	15	6	9
n1s4	4	15	6	9
n1m4	4	26	7	19
n1c16	16	15	5	10
n1s16	16	60	4	56
n1s8	8	30	4	26
n1s8	8	30	4	26
n1c2	2	2	1	1
n1s4	4	15	6	9
n1s16	16	60	4	56
n1s8	8	30	4	26
n1s16	16	60	4	56
n1s8	8	30	4	26
n1s8	8	30	4	26
n1m8	8	52	12	40
n1c16	16	15	5	10
n1s16	16	60	4	56
n1s4	4	15	6	9
n1s8	8	30	4	26
n1m4	4	26	7	19
n1c16	16	15	5	10
n1s8	8	30	4	26
n1s8	8	30	4	26
n1m8	8	52	12	40
n1m4	4	26	7	19
n1s8	8	30	4	26
n1m8	8	52	12	40
n1s8	8	30	4	26
n1c16	16	15	5	10
n1s4	4	15	6	9
n1s8	8	30	4	26
n1s16	16	60	4	56
n1s8	8	30	4	26
n1m8	8	52	12	40
n1m4	4	26	7	19
n1m4	4	26	7	19
n1s4	4	15	6	9
n1c16	16	15	5	10
n1m4	4	26	7	19
n1m8	8	52	12	40
n1s4	4	15	6	9
n1m8	8	52	12	40
n1m8	8	52	12	40
n1m4	4	26	7	19
n1c16	16	15	5	10
n1s16	16	60	4	56
n1s4	4	15	6	9
n1m4	4	26	7	19
n1s4	4	15	6	9
n1m4	4	26	7	19
n1s8	8	30	4	26
n1s16	16	60	4	56
n1m8	8	52	12	40
n1m8	8	52	12	40
n1m4	4	26	7	19
n1c16	16	15	5	10
n1s16	16	60	4	56
n1s8	8	30	4	26
n1c16	16	15	5	10
n1m8	8	52	12	40
n1s16	16	60	4	56
n1m8	8	52	12	40
n1c2	2	2	1	1
n1c8	8	8	2	6
n1m8	8	52	12	40
n1s4	4	15	6	9
n1c16	16	15	5	10
n1m4	4	26	7	19
n1c16	16	15	5	10
n1s4	4	15	6	9
n1s4	4	15	6	9
n1m8	8	52	12	40
n1m8	8	52	12	40
n1c2	2	2	1	1
n1m4	4	26	7	19
n1m8	8	52	12	40
n1m8	8	52	12	40
n1s4	4	15	6	9
n1s16	16	60	4	56
n1s8	8	30	4	26
n1s4	4	15	6	9
n1s4	4	15	6	9
n1s8	8	30	4	26
n1s8	8	30	4	26
n1s4	4	15	6	9
n1s4	4	15	6	9
n1s8	8	30	4	26
n1s8	8	30	4	26
n1m8	8	52	12	40
n1s2	2	8	2	6
n1m4	4	26	7	19
n1s16	16	60	4	56
n1s4	4	15	6	9
n1m4	4	26	7	19
n1c16	16	15	5	10
n1s16	16	60	4	56
n1c16	16	15	5	10
n1s4	4	15	6	9
n1c16	16	15	5	10
n1c16	16	15	5	10
n1m8	8	52	12	40
n1c16	16	15	5	10
n1s4	4	15	6	9
n1m4	4	26	7	19
n1s8	8	30	4	26
n1s8	8	30	4	26
n1s8	8	30	4	26
n1s4	4	15	6	9
n1s16	16	60	4	56
n1m8	8	52	12	40
n1c2	2	2	1	1
n1m8	8	52	12	40
n1m4	4	26	7	19
n1m8	8	52	12	40
n1s16	16	60	4	56
n1s4	4	15	6	9
n1m4	4	26	7	19
n1s1	1	4	2	2
n1m4	4	26	7	19
n1s16	16	60	4	56
n1m8	8	52	12	40
n1s4	4	15	6	9
n1s4	4	15	6	9
n1c16	16	15	5	10
n1s4	4	15	6	9
n1s16	16	60	4	56
n1s8	8	30	4	26
n1m8	8	52	12	40
n1s4	4	15	6	9
n1s16	16	60	4	56
n1c16	16	15	5	10
n1s8	8	30	4	26
n1c16	16	15	5	10
n1m4	4	26	7	19
n1s4	4	15	6	9
n1m8	8	52	12	40
n1s4	4	15	6	9
n1s16	16	60	4	56
n1c16	16	15	5	10
n1m4	4	26	7	19
n1m8	8	52	12	40
n1m4	4	26	7	19
n1m8	8	52	12	40
n1m8	8	52	12	40
n1m4	4	26	7	19
n1s16	16	60	4	56
n1s4	4	15	6	9
n1m8	8	52	12	40
n1s8	8	30	4	26
n1s4	4	15	6	9
n1c16	16	15	5	10
n1s16	16	60	4	56
n1s8	8	30	4	26
n1c4	4	4	2	2
n1m4	4	26	7	19
n1m4	4	26	7	19
n1m8	8	52	12	40
n1s8	8	30	4	26
n1s16	16	60	4	56
n1s4	4	15	6	9
n1m4	4	26	7	19
n1s4	4	15	6	9
n1m4	4	26	7	19
n1s16	16	60	4	56
n1s16	16	60	4	56
n1c16	16	15	5	10
n1s8	8	30	4	26
n1s16	16	60	4	56
n1s4	4	15	6	9
n1s16	16	60	4	56
n1m8	8	52	12	40
n1s4	4	15	6	9
n1s8	8	30	4	26
n1m8	8	52	12	40
n1c16	16	15	5	10
n1m4	4	26	7	19
n1m8	8	52	12	40
n1s4	4	15	6	9
n1s16	16	60	4	56
n1m2	2	13	2	11
n1c16	16	15	5	10
n1m4	4	26	7	19
n1m8	8	52	12	40
n1c16	16	15	5	10
n1s8	8	30	4	26
n1c16	16	15	5	10
n1m4	4	26	7	19
n1m8	8	52	12	40
n1m4	4	26	7	19
n1s16	16	60	4	56
n1s4	4	15	6	9
n1s8	8	30	4	26
n1m4	4	26	7	19
n1s8	8	30	4	26
n1s8	8	30	4	26
n1m8	8	52	12	40
n1m8	8	52	12	40
n1c16	16	15	5	10
n1s16	16	60	4	56
n1s16	16	60	4	56
n1m4	4	26	7	19
n1s8	8	30	4	26
n1s4	4	15	6	9
n1m4	4	26	7	19
n1m4	4	26	7	19
n1s16	16	60	4	56
n1m8	8	52	12	40
n1m4	4	26	7	19
n1m8	8	52	12	40
n1s16	16	60	4	56
n1s4	4	15	6	9
n1m8	8	52	12	40
n1s16	16	60	4	56
n1m8	8	52	12	40
n1c16	16	15	5	10
n1m4	4	26	7	19
n1m8	8	52	12	40
n1m4	4	26	7	19
n1m8	8	52	12	40
n1s16	16	60	4	56
n1s8	8	30	4	26
n1s4	4	15	6	9
n1s16	16	60	4	56
n1c16	16	15	5	10
n1s4	4	15	6	9
n1m4	4	26	7	19
n1s4	4	15	6	9
n1s16	16	60	4	56
n1s4	4	15	6	9
n1m8	8	52	12	40
n1s16	16	60	4	56
n1m8	8	52	12	40
n1s8	8	30	4	26
n1s4	4	15	6	9
n1c16	16	15	5	10
n1s8	8	30	4	26
n1c16	16	15	5	10
n1s8	8	30	4	26
n1s8	8	30	4	26
n1s16	16	60	4	56
n1m4	4	26	7	19
n1s4	4	15	6	9
n1s4	4	15	6	9
n1m8	8	52	12	40
n1m4	4	26	7	19
n1s4	4	15	6	9
n1c16	16	15	5	10
n1m8	8	52	12	40
n1m4	4	26	7	19
n1m4	4	26	7	19
n1s16	16	60	4	56
n1m4	4	26	7	19
n1s8	8	30	4	26
n1c16	16	15	5	10
n1m4	4	26	7	19
n1m4	4	26	7	19
n1m8	8	52	12	40
n1s4	4	15	6	9
n1s4	4	15	6	9
n1m8	8	52	12	40
n1c8	8	8	2	6
n1s4	4	15	6	9
n1m4	4	26	7	19
n1s4	4	15	6	9
n1c16	16	15	5	10
n1c16	16	15	5	10
n1m4	4	26	7	19
n1s4	4	15	6	9
n1m4	4	26	7	19
n1s4	4	15	6	9
n1m4	4	26	7	19
n1m8	8	52	12	40
n1c16	16	15	5	10
n1c16	16	15	5	10
n1s8	8	30	4	26
n1m8	8	52	12	40
n1m4	4	26	7	19

	*******Analytics**********	
n1c4:	5
n1s1:	7
n1s2:	12
n1c8:	7
n1c2:	10
n1m2:	9
n1s4:	162
n1c16:	145
n1m8:	162
n1s8:	176
n1s16:	165
n1m4:	140

Total Number of VMs:	1000

Total Number of H VMs:	950

Total Number of L VMs:	50

% L VMs in Total VMs:	5%

Randomization Effect:	1

File name:				vmExp_1000_5_1
