n1s8	8	30	4	26
n1m8	8	52	12	40
n1c16	16	15	5	10
n1s4	4	15	6	9
n1s16	16	60	4	56
n1c16	16	15	5	10
n1c8	8	8	2	6
n1s16	16	60	4	56
n1c16	16	15	5	10
n1s4	4	15	6	9
n1s4	4	15	6	9
n1m4	4	26	7	19
n1m2	2	13	2	11
n1c16	16	15	5	10
n1m8	8	52	12	40
n1c2	2	2	1	1
n1s16	16	60	4	56
n1c8	8	8	2	6
n1c4	4	4	2	2
n1s2	2	8	2	6
n1c16	16	15	5	10
n1m8	8	52	12	40
n1s8	8	30	4	26
n1s16	16	60	4	56
n1c16	16	15	5	10
n1m8	8	52	12	40
n1s16	16	60	4	56
n1m8	8	52	12	40
n1c2	2	2	1	1
n1c16	16	15	5	10
n1s4	4	15	6	9
n1s4	4	15	6	9
n1s8	8	30	4	26
n1s2	2	8	2	6
n1s16	16	60	4	56
n1m4	4	26	7	19
n1s16	16	60	4	56
n1s4	4	15	6	9
n1s16	16	60	4	56
n1m4	4	26	7	19
n1c16	16	15	5	10
n1m8	8	52	12	40
n1m8	8	52	12	40
n1s8	8	30	4	26
n1m2	2	13	2	11
n1s8	8	30	4	26
n1s16	16	60	4	56
n1c16	16	15	5	10
n1m8	8	52	12	40
n1m8	8	52	12	40
n1m4	4	26	7	19
n1s16	16	60	4	56
n1m8	8	52	12	40
n1m4	4	26	7	19
n1c16	16	15	5	10
n1s4	4	15	6	9
n1m8	8	52	12	40
n1c4	4	4	2	2
n1c2	2	2	1	1
n1m4	4	26	7	19
n1m4	4	26	7	19
n1m4	4	26	7	19
n1m8	8	52	12	40
n1c16	16	15	5	10
n1m4	4	26	7	19
n1s16	16	60	4	56
n1c8	8	8	2	6
n1m8	8	52	12	40
n1m8	8	52	12	40
n1m8	8	52	12	40
n1c16	16	15	5	10
n1s4	4	15	6	9
n1s8	8	30	4	26
n1m8	8	52	12	40
n1c8	8	8	2	6
n1s2	2	8	2	6
n1s4	4	15	6	9
n1s8	8	30	4	26
n1c16	16	15	5	10
n1s4	4	15	6	9
n1s4	4	15	6	9
n1s4	4	15	6	9
n1s1	1	4	2	2
n1s1	1	4	2	2
n1s8	8	30	4	26
n1s16	16	60	4	56
n1m4	4	26	7	19
n1s4	4	15	6	9
n1m8	8	52	12	40
n1c4	4	4	2	2
n1s4	4	15	6	9
n1c2	2	2	1	1
n1s8	8	30	4	26
n1c2	2	2	1	1
n1s2	2	8	2	6
n1s8	8	30	4	26
n1c16	16	15	5	10
n1m8	8	52	12	40
n1c16	16	15	5	10
n1m8	8	52	12	40
n1s4	4	15	6	9
n1c16	16	15	5	10
n1s8	8	30	4	26
n1s8	8	30	4	26
n1s4	4	15	6	9
n1m2	2	13	2	11
n1s1	1	4	2	2
n1c16	16	15	5	10
n1s8	8	30	4	26
n1s4	4	15	6	9
n1m8	8	52	12	40
n1s2	2	8	2	6
n1s16	16	60	4	56
n1m4	4	26	7	19
n1c8	8	8	2	6
n1s16	16	60	4	56
n1m4	4	26	7	19
n1c16	16	15	5	10
n1s16	16	60	4	56
n1c16	16	15	5	10
n1s16	16	60	4	56
n1c16	16	15	5	10
n1s4	4	15	6	9
n1m8	8	52	12	40
n1c8	8	8	2	6
n1s4	4	15	6	9
n1s8	8	30	4	26
n1m2	2	13	2	11
n1s4	4	15	6	9
n1m4	4	26	7	19
n1s8	8	30	4	26
n1c16	16	15	5	10
n1c16	16	15	5	10
n1m4	4	26	7	19
n1c2	2	2	1	1
n1c16	16	15	5	10
n1c4	4	4	2	2
n1c4	4	4	2	2
n1c16	16	15	5	10
n1s8	8	30	4	26
n1s8	8	30	4	26
n1s1	1	4	2	2
n1s8	8	30	4	26
n1c2	2	2	1	1
n1m8	8	52	12	40
n1m2	2	13	2	11
n1s2	2	8	2	6
n1m8	8	52	12	40
n1m4	4	26	7	19
n1c16	16	15	5	10
n1m4	4	26	7	19
n1m8	8	52	12	40
n1s8	8	30	4	26
n1s8	8	30	4	26
n1s8	8	30	4	26
n1m4	4	26	7	19
n1c2	2	2	1	1
n1m4	4	26	7	19
n1c8	8	8	2	6
n1s2	2	8	2	6
n1s16	16	60	4	56
n1s4	4	15	6	9
n1c16	16	15	5	10
n1m4	4	26	7	19
n1c4	4	4	2	2
n1c8	8	8	2	6
n1c4	4	4	2	2
n1m8	8	52	12	40
n1s16	16	60	4	56
n1s8	8	30	4	26
n1m4	4	26	7	19
n1m4	4	26	7	19
n1m8	8	52	12	40
n1c16	16	15	5	10
n1s4	4	15	6	9
n1m4	4	26	7	19
n1s8	8	30	4	26
n1s4	4	15	6	9
n1m4	4	26	7	19
n1m4	4	26	7	19
n1s8	8	30	4	26
n1c16	16	15	5	10
n1s16	16	60	4	56
n1c2	2	2	1	1
n1s8	8	30	4	26
n1m8	8	52	12	40
n1s8	8	30	4	26
n1c2	2	2	1	1
n1s16	16	60	4	56
n1c16	16	15	5	10
n1m8	8	52	12	40
n1c4	4	4	2	2
n1s16	16	60	4	56
n1s16	16	60	4	56
n1m4	4	26	7	19
n1m4	4	26	7	19
n1s4	4	15	6	9
n1m4	4	26	7	19
n1s4	4	15	6	9
n1c16	16	15	5	10
n1m8	8	52	12	40
n1m8	8	52	12	40
n1m2	2	13	2	11
n1s8	8	30	4	26
n1s16	16	60	4	56
n1s4	4	15	6	9
n1m8	8	52	12	40
n1s4	4	15	6	9
n1m8	8	52	12	40
n1m4	4	26	7	19
n1m4	4	26	7	19
n1s16	16	60	4	56
n1s4	4	15	6	9
n1c8	8	8	2	6
n1m4	4	26	7	19
n1s4	4	15	6	9
n1s4	4	15	6	9
n1m8	8	52	12	40
n1m4	4	26	7	19
n1s4	4	15	6	9
n1c16	16	15	5	10
n1m8	8	52	12	40
n1s8	8	30	4	26
n1m4	4	26	7	19
n1c16	16	15	5	10
n1s2	2	8	2	6
n1m2	2	13	2	11
n1c8	8	8	2	6
n1c8	8	8	2	6
n1s4	4	15	6	9
n1c16	16	15	5	10
n1s16	16	60	4	56
n1s2	2	8	2	6
n1s8	8	30	4	26
n1m4	4	26	7	19
n1s8	8	30	4	26
n1s1	1	4	2	2
n1s4	4	15	6	9
n1c16	16	15	5	10
n1s8	8	30	4	26
n1c16	16	15	5	10
n1s8	8	30	4	26
n1m4	4	26	7	19
n1c16	16	15	5	10
n1m8	8	52	12	40
n1m8	8	52	12	40
n1s1	1	4	2	2
n1s16	16	60	4	56
n1m2	2	13	2	11
n1s8	8	30	4	26
n1m8	8	52	12	40
n1s16	16	60	4	56
n1s16	16	60	4	56
n1m8	8	52	12	40
n1s16	16	60	4	56
n1s16	16	60	4	56
n1m4	4	26	7	19
n1c2	2	2	1	1
n1m4	4	26	7	19
n1s4	4	15	6	9
n1m2	2	13	2	11
n1s16	16	60	4	56
n1s8	8	30	4	26
n1s4	4	15	6	9
n1m8	8	52	12	40
n1m2	2	13	2	11
n1c4	4	4	2	2
n1s16	16	60	4	56
n1c16	16	15	5	10
n1s4	4	15	6	9
n1s4	4	15	6	9
n1s2	2	8	2	6
n1s1	1	4	2	2
n1s16	16	60	4	56
n1m8	8	52	12	40
n1s16	16	60	4	56
n1s16	16	60	4	56
n1m8	8	52	12	40
n1c16	16	15	5	10
n1s8	8	30	4	26
n1s8	8	30	4	26
n1m8	8	52	12	40
n1m4	4	26	7	19
n1s8	8	30	4	26
n1s1	1	4	2	2
n1s8	8	30	4	26
n1s8	8	30	4	26
n1s16	16	60	4	56
n1m4	4	26	7	19
n1s16	16	60	4	56
n1m2	2	13	2	11
n1m4	4	26	7	19
n1m2	2	13	2	11
n1s16	16	60	4	56
n1s4	4	15	6	9
n1s16	16	60	4	56
n1m8	8	52	12	40
n1s4	4	15	6	9
n1s4	4	15	6	9
n1m8	8	52	12	40
n1s4	4	15	6	9
n1s4	4	15	6	9
n1s4	4	15	6	9
n1m2	2	13	2	11
n1m4	4	26	7	19
n1s1	1	4	2	2
n1s16	16	60	4	56
n1s4	4	15	6	9
n1s16	16	60	4	56
n1c4	4	4	2	2
n1c2	2	2	1	1
n1m8	8	52	12	40
n1s2	2	8	2	6
n1m8	8	52	12	40
n1s2	2	8	2	6
n1c16	16	15	5	10
n1c16	16	15	5	10
n1c16	16	15	5	10
n1s16	16	60	4	56
n1m8	8	52	12	40
n1c2	2	2	1	1
n1s16	16	60	4	56
n1c4	4	4	2	2
n1s16	16	60	4	56
n1s8	8	30	4	26
n1c16	16	15	5	10
n1s8	8	30	4	26
n1c2	2	2	1	1
n1c8	8	8	2	6
n1m8	8	52	12	40
n1c16	16	15	5	10
n1s16	16	60	4	56
n1m8	8	52	12	40
n1s8	8	30	4	26
n1s8	8	30	4	26
n1m2	2	13	2	11
n1s8	8	30	4	26
n1s4	4	15	6	9
n1c16	16	15	5	10
n1s16	16	60	4	56
n1c16	16	15	5	10
n1c16	16	15	5	10
n1s1	1	4	2	2
n1c16	16	15	5	10
n1s16	16	60	4	56
n1c16	16	15	5	10
n1s1	1	4	2	2
n1m4	4	26	7	19
n1m8	8	52	12	40
n1m4	4	26	7	19
n1s1	1	4	2	2
n1s16	16	60	4	56
n1m4	4	26	7	19
n1m4	4	26	7	19
n1m8	8	52	12	40
n1c16	16	15	5	10
n1s2	2	8	2	6
n1s16	16	60	4	56
n1s8	8	30	4	26
n1s16	16	60	4	56
n1s8	8	30	4	26
n1c2	2	2	1	1
n1s8	8	30	4	26
n1m8	8	52	12	40
n1c4	4	4	2	2
n1s4	4	15	6	9
n1s16	16	60	4	56
n1s1	1	4	2	2
n1c16	16	15	5	10
n1m8	8	52	12	40
n1m4	4	26	7	19
n1c8	8	8	2	6
n1c16	16	15	5	10
n1s16	16	60	4	56
n1m8	8	52	12	40
n1s16	16	60	4	56
n1m8	8	52	12	40
n1s2	2	8	2	6
n1s4	4	15	6	9
n1c16	16	15	5	10
n1c16	16	15	5	10
n1m4	4	26	7	19
n1m8	8	52	12	40
n1s8	8	30	4	26
n1m8	8	52	12	40
n1s4	4	15	6	9
n1s4	4	15	6	9
n1s4	4	15	6	9
n1s16	16	60	4	56
n1c2	2	2	1	1
n1s4	4	15	6	9
n1c16	16	15	5	10
n1m8	8	52	12	40
n1s16	16	60	4	56
n1s2	2	8	2	6
n1s8	8	30	4	26
n1s16	16	60	4	56
n1m4	4	26	7	19
n1m8	8	52	12	40
n1s4	4	15	6	9
n1s4	4	15	6	9
n1s16	16	60	4	56
n1m4	4	26	7	19
n1s8	8	30	4	26
n1s8	8	30	4	26
n1s8	8	30	4	26
n1s2	2	8	2	6
n1s4	4	15	6	9
n1m8	8	52	12	40
n1m8	8	52	12	40
n1m4	4	26	7	19
n1s4	4	15	6	9
n1s16	16	60	4	56
n1m8	8	52	12	40
n1m2	2	13	2	11
n1s8	8	30	4	26
n1s8	8	30	4	26
n1s4	4	15	6	9
n1s16	16	60	4	56
n1c2	2	2	1	1
n1s16	16	60	4	56
n1m2	2	13	2	11
n1c16	16	15	5	10
n1s16	16	60	4	56
n1m8	8	52	12	40
n1m2	2	13	2	11
n1m8	8	52	12	40
n1s16	16	60	4	56
n1s16	16	60	4	56
n1c16	16	15	5	10
n1s16	16	60	4	56
n1s16	16	60	4	56
n1s4	4	15	6	9
n1c4	4	4	2	2
n1s2	2	8	2	6
n1s16	16	60	4	56
n1m8	8	52	12	40
n1c2	2	2	1	1
n1c16	16	15	5	10
n1s2	2	8	2	6
n1c4	4	4	2	2
n1c16	16	15	5	10
n1s8	8	30	4	26
n1c2	2	2	1	1
n1c2	2	2	1	1
n1s1	1	4	2	2
n1m4	4	26	7	19
n1m8	8	52	12	40
n1s8	8	30	4	26
n1s4	4	15	6	9
n1s16	16	60	4	56
n1m4	4	26	7	19
n1s8	8	30	4	26
n1s16	16	60	4	56
n1c16	16	15	5	10
n1s4	4	15	6	9
n1c2	2	2	1	1
n1s16	16	60	4	56
n1s4	4	15	6	9
n1m8	8	52	12	40
n1s2	2	8	2	6
n1s16	16	60	4	56
n1c16	16	15	5	10
n1m8	8	52	12	40
n1s8	8	30	4	26
n1s8	8	30	4	26
n1c16	16	15	5	10
n1c16	16	15	5	10
n1c16	16	15	5	10
n1m8	8	52	12	40
n1m4	4	26	7	19
n1s1	1	4	2	2
n1m4	4	26	7	19
n1s2	2	8	2	6
n1c16	16	15	5	10
n1c4	4	4	2	2
n1s8	8	30	4	26
n1m8	8	52	12	40
n1s8	8	30	4	26
n1m8	8	52	12	40
n1s4	4	15	6	9
n1m4	4	26	7	19
n1m8	8	52	12	40
n1c16	16	15	5	10
n1s16	16	60	4	56
n1s8	8	30	4	26
n1m8	8	52	12	40
n1s8	8	30	4	26
n1s4	4	15	6	9
n1m4	4	26	7	19
n1s16	16	60	4	56
n1c16	16	15	5	10
n1s2	2	8	2	6
n1m8	8	52	12	40
n1m8	8	52	12	40
n1m2	2	13	2	11
n1s8	8	30	4	26
n1s16	16	60	4	56
n1s4	4	15	6	9
n1m4	4	26	7	19
n1m4	4	26	7	19
n1s16	16	60	4	56
n1c16	16	15	5	10
n1s1	1	4	2	2
n1s4	4	15	6	9
n1s4	4	15	6	9
n1s16	16	60	4	56
n1c16	16	15	5	10
n1s8	8	30	4	26
n1m8	8	52	12	40
n1s16	16	60	4	56
n1m8	8	52	12	40
n1s8	8	30	4	26
n1s4	4	15	6	9
n1s8	8	30	4	26
n1m4	4	26	7	19
n1s16	16	60	4	56
n1s8	8	30	4	26
n1s4	4	15	6	9
n1s1	1	4	2	2
n1c16	16	15	5	10
n1s8	8	30	4	26
n1m8	8	52	12	40
n1s16	16	60	4	56
n1m8	8	52	12	40
n1m8	8	52	12	40
n1s16	16	60	4	56
n1s16	16	60	4	56
n1s16	16	60	4	56
n1m8	8	52	12	40
n1s16	16	60	4	56
n1s4	4	15	6	9
n1s16	16	60	4	56
n1m8	8	52	12	40
n1s16	16	60	4	56
n1m2	2	13	2	11
n1s16	16	60	4	56
n1s4	4	15	6	9
n1c16	16	15	5	10
n1c16	16	15	5	10
n1m8	8	52	12	40
n1s8	8	30	4	26
n1m4	4	26	7	19
n1s8	8	30	4	26
n1s16	16	60	4	56
n1m2	2	13	2	11
n1c16	16	15	5	10
n1m8	8	52	12	40
n1m2	2	13	2	11
n1s4	4	15	6	9
n1s16	16	60	4	56
n1s8	8	30	4	26
n1s16	16	60	4	56
n1m4	4	26	7	19
n1s16	16	60	4	56
n1m8	8	52	12	40
n1c8	8	8	2	6
n1c16	16	15	5	10
n1s8	8	30	4	26
n1s8	8	30	4	26
n1c2	2	2	1	1
n1c4	4	4	2	2
n1s4	4	15	6	9
n1c16	16	15	5	10
n1c4	4	4	2	2
n1s8	8	30	4	26
n1c8	8	8	2	6
n1s8	8	30	4	26
n1c4	4	4	2	2
n1s16	16	60	4	56
n1c2	2	2	1	1
n1s16	16	60	4	56
n1s8	8	30	4	26
n1m8	8	52	12	40
n1s8	8	30	4	26
n1s16	16	60	4	56
n1s8	8	30	4	26
n1s4	4	15	6	9
n1m8	8	52	12	40
n1s4	4	15	6	9
n1s2	2	8	2	6
n1c16	16	15	5	10
n1s4	4	15	6	9
n1s8	8	30	4	26
n1m4	4	26	7	19
n1s8	8	30	4	26
n1c4	4	4	2	2
n1s8	8	30	4	26
n1m4	4	26	7	19
n1c4	4	4	2	2
n1s4	4	15	6	9
n1s8	8	30	4	26
n1s8	8	30	4	26
n1s8	8	30	4	26
n1s4	4	15	6	9
n1c16	16	15	5	10
n1s16	16	60	4	56
n1m4	4	26	7	19
n1s4	4	15	6	9
n1m8	8	52	12	40
n1s8	8	30	4	26
n1s16	16	60	4	56
n1m8	8	52	12	40
n1s16	16	60	4	56
n1m8	8	52	12	40
n1s8	8	30	4	26
n1m8	8	52	12	40
n1c8	8	8	2	6
n1m8	8	52	12	40
n1s8	8	30	4	26
n1s16	16	60	4	56
n1s16	16	60	4	56
n1c16	16	15	5	10
n1s1	1	4	2	2
n1m4	4	26	7	19
n1s2	2	8	2	6
n1m2	2	13	2	11
n1s8	8	30	4	26
n1m2	2	13	2	11
n1s8	8	30	4	26
n1s8	8	30	4	26
n1m8	8	52	12	40
n1m8	8	52	12	40
n1c16	16	15	5	10
n1m4	4	26	7	19
n1c16	16	15	5	10
n1s8	8	30	4	26
n1m8	8	52	12	40
n1s16	16	60	4	56
n1s16	16	60	4	56
n1s8	8	30	4	26
n1m4	4	26	7	19
n1s4	4	15	6	9
n1s4	4	15	6	9
n1c4	4	4	2	2
n1s2	2	8	2	6
n1s1	1	4	2	2
n1s4	4	15	6	9
n1c2	2	2	1	1
n1s8	8	30	4	26
n1s16	16	60	4	56
n1m4	4	26	7	19
n1s8	8	30	4	26
n1s4	4	15	6	9
n1c16	16	15	5	10
n1c8	8	8	2	6
n1s4	4	15	6	9
n1m4	4	26	7	19
n1s16	16	60	4	56
n1c16	16	15	5	10
n1m4	4	26	7	19
n1s16	16	60	4	56
n1m4	4	26	7	19
n1m8	8	52	12	40
n1s4	4	15	6	9
n1s4	4	15	6	9
n1s16	16	60	4	56
n1s8	8	30	4	26
n1c4	4	4	2	2
n1s4	4	15	6	9
n1s4	4	15	6	9
n1c8	8	8	2	6
n1s16	16	60	4	56
n1c16	16	15	5	10
n1s4	4	15	6	9
n1s4	4	15	6	9
n1s16	16	60	4	56
n1m2	2	13	2	11
n1s16	16	60	4	56
n1m4	4	26	7	19
n1m4	4	26	7	19
n1m2	2	13	2	11
n1c8	8	8	2	6
n1s16	16	60	4	56
n1s4	4	15	6	9
n1m8	8	52	12	40
n1m8	8	52	12	40
n1s4	4	15	6	9
n1s8	8	30	4	26
n1s4	4	15	6	9
n1s8	8	30	4	26
n1m8	8	52	12	40
n1c16	16	15	5	10
n1c16	16	15	5	10
n1s8	8	30	4	26
n1c8	8	8	2	6
n1s4	4	15	6	9
n1s8	8	30	4	26
n1m8	8	52	12	40
n1s16	16	60	4	56
n1s4	4	15	6	9
n1m8	8	52	12	40
n1s1	1	4	2	2
n1s16	16	60	4	56
n1m4	4	26	7	19
n1m2	2	13	2	11
n1c16	16	15	5	10
n1s8	8	30	4	26
n1s4	4	15	6	9
n1m8	8	52	12	40
n1c8	8	8	2	6
n1s2	2	8	2	6
n1s4	4	15	6	9
n1s8	8	30	4	26
n1m2	2	13	2	11
n1c4	4	4	2	2
n1m8	8	52	12	40
n1s8	8	30	4	26
n1c8	8	8	2	6
n1m8	8	52	12	40
n1m8	8	52	12	40
n1c16	16	15	5	10
n1c16	16	15	5	10
n1m8	8	52	12	40
n1m8	8	52	12	40
n1s4	4	15	6	9
n1s16	16	60	4	56
n1s16	16	60	4	56
n1s8	8	30	4	26
n1s8	8	30	4	26
n1s8	8	30	4	26
n1c16	16	15	5	10
n1m4	4	26	7	19
n1c4	4	4	2	2
n1s4	4	15	6	9
n1m2	2	13	2	11
n1c16	16	15	5	10
n1s16	16	60	4	56
n1s8	8	30	4	26
n1s8	8	30	4	26
n1c2	2	2	1	1
n1s4	4	15	6	9
n1s16	16	60	4	56
n1s8	8	30	4	26
n1s16	16	60	4	56
n1s8	8	30	4	26
n1c8	8	8	2	6
n1m8	8	52	12	40
n1c16	16	15	5	10
n1c2	2	2	1	1
n1c4	4	4	2	2
n1s8	8	30	4	26
n1m4	4	26	7	19
n1c16	16	15	5	10
n1s8	8	30	4	26
n1s8	8	30	4	26
n1m8	8	52	12	40
n1m4	4	26	7	19
n1c8	8	8	2	6
n1s2	2	8	2	6
n1s8	8	30	4	26
n1c16	16	15	5	10
n1s4	4	15	6	9
n1s8	8	30	4	26
n1s16	16	60	4	56
n1s8	8	30	4	26
n1s2	2	8	2	6
n1m4	4	26	7	19
n1m4	4	26	7	19
n1s4	4	15	6	9
n1c16	16	15	5	10
n1m2	2	13	2	11
n1s2	2	8	2	6
n1s4	4	15	6	9
n1m8	8	52	12	40
n1m8	8	52	12	40
n1m4	4	26	7	19
n1c16	16	15	5	10
n1s16	16	60	4	56
n1s4	4	15	6	9
n1m4	4	26	7	19
n1s4	4	15	6	9
n1m4	4	26	7	19
n1s8	8	30	4	26
n1s16	16	60	4	56
n1s2	2	8	2	6
n1m8	8	52	12	40
n1m4	4	26	7	19
n1s1	1	4	2	2
n1s16	16	60	4	56
n1s8	8	30	4	26
n1c16	16	15	5	10
n1m8	8	52	12	40
n1s16	16	60	4	56
n1m8	8	52	12	40
n1c2	2	2	1	1
n1c8	8	8	2	6
n1m8	8	52	12	40
n1c4	4	4	2	2
n1c16	16	15	5	10
n1m4	4	26	7	19
n1c16	16	15	5	10
n1s4	4	15	6	9
n1s4	4	15	6	9
n1m8	8	52	12	40
n1m8	8	52	12	40
n1c2	2	2	1	1
n1m4	4	26	7	19
n1s2	2	8	2	6
n1m8	8	52	12	40
n1s4	4	15	6	9
n1s16	16	60	4	56
n1s8	8	30	4	26
n1c4	4	4	2	2
n1s4	4	15	6	9
n1s8	8	30	4	26
n1s8	8	30	4	26
n1c4	4	4	2	2
n1s4	4	15	6	9
n1c8	8	8	2	6
n1s8	8	30	4	26
n1m8	8	52	12	40
n1s2	2	8	2	6
n1m4	4	26	7	19
n1s16	16	60	4	56
n1s4	4	15	6	9
n1m4	4	26	7	19
n1c16	16	15	5	10
n1s16	16	60	4	56
n1c16	16	15	5	10
n1s4	4	15	6	9
n1c16	16	15	5	10
n1s1	1	4	2	2
n1s2	2	8	2	6
n1c16	16	15	5	10
n1s4	4	15	6	9
n1m4	4	26	7	19
n1c8	8	8	2	6
n1c8	8	8	2	6
n1s8	8	30	4	26
n1s4	4	15	6	9
n1s16	16	60	4	56
n1m8	8	52	12	40
n1c2	2	2	1	1
n1m8	8	52	12	40
n1m4	4	26	7	19
n1m8	8	52	12	40
n1s16	16	60	4	56
n1c4	4	4	2	2
n1m4	4	26	7	19
n1s1	1	4	2	2
n1m4	4	26	7	19
n1s16	16	60	4	56
n1m8	8	52	12	40
n1s4	4	15	6	9
n1c4	4	4	2	2
n1c16	16	15	5	10
n1c4	4	4	2	2
n1s16	16	60	4	56
n1s8	8	30	4	26
n1m8	8	52	12	40
n1c4	4	4	2	2
n1s16	16	60	4	56
n1c16	16	15	5	10
n1s8	8	30	4	26
n1c16	16	15	5	10
n1m4	4	26	7	19
n1c4	4	4	2	2
n1m8	8	52	12	40
n1s4	4	15	6	9
n1s16	16	60	4	56
n1s1	1	4	2	2
n1m2	2	13	2	11
n1m8	8	52	12	40
n1m4	4	26	7	19
n1s2	2	8	2	6
n1m8	8	52	12	40
n1m4	4	26	7	19
n1s16	16	60	4	56
n1s4	4	15	6	9
n1s2	2	8	2	6
n1s8	8	30	4	26
n1s4	4	15	6	9
n1s1	1	4	2	2
n1s16	16	60	4	56
n1c8	8	8	2	6
n1c4	4	4	2	2
n1m2	2	13	2	11
n1m2	2	13	2	11
n1m8	8	52	12	40
n1s8	8	30	4	26
n1c2	2	2	1	1
n1c4	4	4	2	2
n1m4	4	26	7	19
n1s4	4	15	6	9
n1m4	4	26	7	19
n1s16	16	60	4	56
n1s16	16	60	4	56
n1c16	16	15	5	10
n1s8	8	30	4	26
n1s16	16	60	4	56
n1s4	4	15	6	9
n1s16	16	60	4	56
n1m8	8	52	12	40
n1s4	4	15	6	9
n1c8	8	8	2	6
n1s2	2	8	2	6
n1c16	16	15	5	10
n1m4	4	26	7	19
n1m8	8	52	12	40
n1s4	4	15	6	9
n1s16	16	60	4	56
n1m2	2	13	2	11
n1c16	16	15	5	10
n1m4	4	26	7	19
n1m8	8	52	12	40
n1s1	1	4	2	2
n1s8	8	30	4	26
n1c16	16	15	5	10
n1m4	4	26	7	19
n1m8	8	52	12	40
n1m4	4	26	7	19
n1c2	2	2	1	1
n1c4	4	4	2	2
n1c8	8	8	2	6
n1m4	4	26	7	19
n1s8	8	30	4	26
n1s8	8	30	4	26
n1m8	8	52	12	40
n1m8	8	52	12	40
n1c16	16	15	5	10
n1s16	16	60	4	56
n1s16	16	60	4	56
n1m4	4	26	7	19
n1s8	8	30	4	26
n1s4	4	15	6	9
n1m4	4	26	7	19
n1m4	4	26	7	19
n1s16	16	60	4	56
n1m8	8	52	12	40
n1m4	4	26	7	19
n1s2	2	8	2	6
n1s16	16	60	4	56
n1c4	4	4	2	2
n1m8	8	52	12	40
n1s16	16	60	4	56
n1m8	8	52	12	40
n1s1	1	4	2	2
n1m4	4	26	7	19
n1m8	8	52	12	40
n1m4	4	26	7	19
n1m8	8	52	12	40
n1s16	16	60	4	56
n1s8	8	30	4	26
n1s4	4	15	6	9
n1s16	16	60	4	56
n1s1	1	4	2	2
n1s4	4	15	6	9
n1m4	4	26	7	19
n1s4	4	15	6	9
n1s16	16	60	4	56
n1s4	4	15	6	9
n1m8	8	52	12	40
n1s16	16	60	4	56
n1m8	8	52	12	40
n1c8	8	8	2	6
n1s4	4	15	6	9
n1c16	16	15	5	10
n1s8	8	30	4	26
n1c16	16	15	5	10
n1s8	8	30	4	26
n1s8	8	30	4	26
n1s16	16	60	4	56
n1m2	2	13	2	11
n1s4	4	15	6	9
n1s4	4	15	6	9
n1m8	8	52	12	40
n1m4	4	26	7	19
n1s4	4	15	6	9
n1c16	16	15	5	10
n1m8	8	52	12	40
n1m4	4	26	7	19
n1m4	4	26	7	19
n1s16	16	60	4	56
n1m2	2	13	2	11
n1s8	8	30	4	26
n1c16	16	15	5	10
n1m4	4	26	7	19
n1m4	4	26	7	19
n1m8	8	52	12	40
n1s4	4	15	6	9
n1s4	4	15	6	9
n1m8	8	52	12	40
n1c8	8	8	2	6
n1s4	4	15	6	9
n1m4	4	26	7	19
n1s4	4	15	6	9
n1c16	16	15	5	10
n1c16	16	15	5	10
n1m4	4	26	7	19
n1s4	4	15	6	9
n1m4	4	26	7	19
n1s4	4	15	6	9
n1m4	4	26	7	19
n1m8	8	52	12	40
n1c16	16	15	5	10
n1c16	16	15	5	10
n1s8	8	30	4	26
n1m8	8	52	12	40
n1m4	4	26	7	19

	*******Analytics**********	
n1c4:	28
n1s1:	36
n1s2:	31
n1c8:	35
n1c2:	37
n1m2:	33
n1s4:	135
n1c16:	117
n1m8:	138
n1s8:	147
n1s16:	146
n1m4:	117

Total Number of VMs:	1000

Total Number of H VMs:	800

Total Number of L VMs:	200

% L VMs in Total VMs:	20%

Randomization Effect:	1

File name:				vmExp_1000_20_1
